 -19.092   14.406    8.296 1.55
 -20.195   14.786    7.365 1.75
 -20.357   13.714    6.270 1.75
 -20.739   14.068    5.158 1.52
 -19.896   16.151    6.678 1.75
 -20.011   17.474    7.519 1.75
 -19.318   17.470    8.887 1.75
 -18.067   17.234    9.012 1.52
 -20.066   17.762    9.843 1.52
 -20.119   12.429    6.566 1.55
 -20.251   11.413    5.522 1.75
 -20.579    9.965    5.902 1.75
 -20.869    9.608    7.053 1.52
 -18.975   11.285    4.698 1.75
 -17.990   10.621    5.495 1.52
 -18.424   12.668    4.265 1.75
 -20.473    9.147    4.857 1.55
 -20.714    7.706    4.818 1.75
 -19.503    6.875    5.236 1.75
 -19.659    5.737    5.669 1.52
 -21.102    7.325    3.375 1.75
 -21.591    5.943    2.891 1.75
 -21.640    5.969    1.349 1.75
 -20.695    4.799    3.352 1.75
 -18.299    7.420    5.059 1.55
 -17.093    6.707    5.448 1.75
 -17.021    6.673    6.960 1.75
 -16.286    5.885    7.559 1.52
 -17.808    7.541    7.580 1.55
 -17.862    7.612    9.024 1.75
 -18.589    6.401    9.591 1.75
 -18.303    5.965   10.715 1.52
 -18.564    8.881    9.432 1.75
 -17.800   10.120    9.077 1.75
 -18.559   11.342    9.491 1.75
 -19.499   11.708    8.755 1.52
 -18.241   11.910   10.559 1.52
 -19.531    5.870    8.810 1.55
 -20.277    4.675    9.207 1.75
 -19.288    3.513    9.183 1.75
 -19.298    2.646   10.064 1.52
 -21.419    4.376    8.225 1.75
 -22.157    3.068    8.539 1.75
 -23.014    2.563    7.377 1.75
 -24.341    3.298    7.232 1.75
 -25.075    2.855    5.993 1.55
 -18.434    3.522    8.160 1.55
 -17.419    2.500    7.969 1.75
 -16.430    2.482    9.130 1.75
 -16.105    1.410    9.671 1.52
 -16.670    2.747    6.649 1.75
 -15.370    1.983    6.522 1.75
 -15.219    0.667    6.180 1.75
 -14.057    2.468    6.840 1.75
 -13.897    0.305    6.272 1.55
 -13.162    1.389    6.676 1.75
 -13.553    3.707    7.251 1.75
 -11.792    1.511    6.915 1.75
 -12.188    3.829    7.490 1.75
 -11.324    2.735    7.320 1.75
 -15.961    3.668    9.514 1.55
 -14.983    3.793   10.598 1.75
 -15.514    3.255   11.931 1.75
 -14.818    2.530   12.653 1.52
 -14.556    5.256   10.756 1.75
 -13.345    5.469   11.657 1.75
 -12.053    4.972   11.011 1.75
 -10.846    5.285   11.894 1.75
  -9.538    4.854   11.312 1.55
 -16.753    3.604   12.252 1.55
 -17.351    3.144   13.493 1.75
 -17.471    1.631   13.460 1.75
 -17.140    0.941   14.430 1.52
 -18.728    3.766   13.670 1.75
 -18.643    5.175   13.544 1.52
 -17.935    1.111   12.330 1.55
 -18.080   -0.322   12.209 1.75
 -16.712   -0.934   12.412 1.75
 -16.568   -1.882   13.171 1.52
 -18.658   -0.705   10.846 1.75
 -19.084   -2.150   10.822 1.75
 -20.031   -2.510    9.687 1.75
 -20.206   -3.962    9.681 1.55
 -20.808   -4.658    8.721 1.75
 -21.323   -4.044    7.658 1.55
 -20.855   -5.983    8.812 1.55
 -15.708   -0.373   11.745 1.55
 -14.341   -0.856   11.874 1.75
 -13.914   -0.886   13.352 1.75
 -13.506   -1.927   13.866 1.52
 -13.394    0.049   11.077 1.75
 -11.896   -0.236   11.236 1.75
 -11.578   -1.617   10.705 1.75
 -11.085    0.818   10.505 1.75
 -14.012    0.263   14.025 1.55
 -13.647    0.380   15.444 1.75
 -14.375   -0.647   16.315 1.75
 -13.804   -1.188   17.274 1.52
 -13.993    1.773   15.986 1.75
 -13.156    2.878   15.369 1.75
 -11.958    2.720   15.153 1.52
 -13.786    4.019   15.106 1.55
 -15.640   -0.893   15.979 1.55
 -16.490   -1.827   16.710 1.75
 -16.124   -3.297   16.533 1.75
 -16.704   -4.160   17.187 1.52
 -17.938   -1.622   16.306 1.75
 -15.173   -3.582   15.653 1.55
 -14.762   -4.957   15.397 1.75
 -13.964   -5.577   16.536 1.75
 -13.299   -4.876   17.300 1.52
 -13.938   -5.027   14.102 1.75
 -14.611   -5.493   12.803 1.75
 -15.962   -4.824   12.620 1.75
 -13.685   -5.185   11.630 1.75
 -14.050   -6.901   16.650 1.55
 -13.293   -7.605   17.666 1.75
 -11.863   -7.688   17.162 1.75
 -11.620   -7.610   15.959 1.52
 -10.904   -7.845   18.063 1.55
  -9.511   -7.917   17.650 1.75
  -9.284   -8.941   16.552 1.75
  -8.586   -8.678   15.576 1.52
  -8.610   -8.227   18.845 1.75
  -8.485   -7.060   19.820 1.75
  -7.149   -7.076   20.570 1.75
  -6.852   -5.710   21.184 1.75
  -6.898   -4.611   20.149 1.55
  -9.885  -10.110   16.716 1.55
  -9.743  -11.187   15.750 1.75
 -10.464  -10.830   14.445 1.75
  -9.910  -10.974   13.354 1.52
 -10.311  -12.474   16.351 1.75
  -9.970  -13.606   15.571 1.52
 -11.702  -10.364   14.567 1.55
 -12.495   -9.976   13.406 1.75
 -11.688   -8.969   12.584 1.75
 -11.584   -9.084   11.358 1.52
 -13.810   -9.323   13.856 1.75
 -14.783  -10.249   14.598 1.75
 -15.912   -9.487   15.309 1.75
 -15.707   -9.031   16.462 1.52
 -17.002   -9.334   14.710 1.52
 -11.112   -7.996   13.287 1.55
 -10.310   -6.935   12.693 1.75
  -9.166   -7.396   11.806 1.75
  -9.027   -6.932   10.677 1.52
  -9.731   -6.044   13.781 1.75
  -8.895   -4.930   13.250 1.75
  -9.490   -3.791   12.742 1.75
  -7.513   -5.050   13.194 1.75
  -8.729   -2.779   12.182 1.75
  -6.738   -4.038   12.632 1.75
  -7.353   -2.897   12.123 1.75
  -8.324   -8.284   12.311 1.55
  -7.205   -8.764   11.502 1.75
  -7.670   -9.443   10.214 1.75
  -7.085   -9.228    9.149 1.52
  -6.329   -9.732   12.305 1.75
  -5.504   -9.048   13.375 1.75
  -4.569   -7.999   12.804 1.75
  -4.361   -6.936   13.412 1.52
  -3.991   -8.287   11.636 1.55
  -8.711  -10.266   10.328 1.55
  -9.274  -10.983    9.190 1.75
  -9.744   -9.973    8.158 1.75
  -9.409  -10.072    6.975 1.52
 -10.494  -11.861    9.616 1.75
 -10.005  -13.113   10.351 1.75
 -11.340  -12.244    8.392 1.75
 -11.127  -14.076   10.739 1.75
 -10.517   -8.998    8.619 1.55
 -11.044   -7.976    7.738 1.75
  -9.943   -7.176    7.056 1.75
  -9.946   -7.018    5.836 1.52
 -11.955   -7.034    8.514 1.75
 -12.401   -5.845    7.701 1.75
 -11.916   -4.561    7.983 1.75
 -13.294   -5.999    6.639 1.75
 -12.312   -3.460    7.228 1.75
 -13.697   -4.907    5.874 1.75
 -13.204   -3.640    6.175 1.75
 -13.628   -2.549    5.447 1.52
  -8.999   -6.683    7.849 1.55
  -7.891   -5.881    7.344 1.75
  -7.223   -6.425    6.070 1.75
  -6.682   -5.667    5.254 1.52
  -6.848   -5.715    8.450 1.75
  -5.663   -4.880    8.059 1.75
  -4.720   -4.693    9.225 1.75
  -3.449   -4.008    8.767 1.75
  -2.549   -3.667    9.899 1.55
  -7.260   -7.735    5.884 1.55
  -6.634   -8.289    4.702 1.75
  -7.593   -9.054    3.795 1.75
  -7.159   -9.839    2.954 1.52
  -5.470   -9.183    5.120 1.75
  -4.441   -8.458    5.959 1.75
  -3.047   -8.971    5.642 1.75
  -1.961   -8.175    6.341 1.75
  -0.615   -8.700    5.945 1.55
  -8.891   -8.818    3.940 1.55
  -9.849   -9.530    3.112 1.75
  -9.878   -9.078    1.665 1.75
 -10.221   -7.934    1.368 1.52
 -11.252   -9.405    3.686 1.75
 -11.338  -10.040    4.939 1.52
  -9.527   -9.993    0.768 1.55
  -9.550   -9.691   -0.647 1.75
  -8.662   -8.551   -1.087 1.75
  -8.919   -7.937   -2.121 1.52
  -7.618   -8.244   -0.329 1.55
  -6.748   -7.158   -0.750 1.75
  -5.609   -7.750   -1.564 1.75
  -5.574   -8.956   -1.816 1.52
  -6.160   -6.361    0.451 1.75
  -5.136   -7.203    1.209 1.75
  -7.277   -5.939    1.387 1.75
  -4.439   -6.445    2.309 1.75
  -4.686   -6.898   -1.981 1.55
  -3.539   -7.338   -2.748 1.75
  -2.370   -7.233   -1.793 1.75
  -2.215   -6.221   -1.100 1.52
  -3.327   -6.423   -3.948 1.75
  -3.086   -7.162   -5.244 1.75
  -3.193   -6.249   -6.458 1.75
  -4.257   -5.680   -6.717 1.52
  -2.091   -6.098   -7.206 1.55
  -1.564   -8.287   -1.745 1.55
  -0.395   -8.343   -0.872 1.75
   0.890   -8.513   -1.669 1.75
   0.868   -8.967   -2.816 1.52
  -0.520   -9.518    0.086 1.75
  -1.317   -9.240    1.320 1.75
  -0.590   -8.315    2.275 1.75
  -1.000   -8.237    3.458 1.52
   0.387   -7.663    1.837 1.52
   2.005   -8.156   -1.046 1.55
   3.327   -8.293   -1.654 1.75
   4.033   -9.400   -0.885 1.75
   4.059   -9.367    0.339 1.52
   4.168   -6.997   -1.498 1.75
   5.601   -7.252   -1.923 1.75
   3.568   -5.877   -2.332 1.75
   4.589  -10.379   -1.597 1.55
   5.308  -11.496   -0.980 1.75
   6.686  -11.007   -0.496 1.75
   7.676  -11.064   -1.228 1.52
   5.431  -12.623   -2.014 1.75
   6.372  -13.729   -1.581 1.75
   6.504  -13.961   -0.356 1.52
   6.970  -14.376   -2.470 1.52
   6.742  -10.545    0.753 1.55
   7.971   -9.987    1.322 1.75
   8.885  -10.857    2.184 1.75
   9.996  -10.429    2.526 1.52
   7.630   -8.731    2.133 1.75
   7.026   -7.608    1.325 1.75
   7.686   -6.309    1.687 1.75
   9.020   -6.233    1.115 1.55
  10.077   -5.733    1.742 1.75
   9.958   -5.260    2.978 1.55
  11.252   -5.717    1.136 1.55
   8.428  -12.051    2.544 1.55
   9.195  -12.960    3.399 1.75
  10.698  -12.971    3.175 1.75
  11.459  -12.527    4.024 1.52
   8.690  -14.406    3.257 1.75
   7.295  -14.445    3.595 1.52
   9.447  -15.344    4.193 1.75
  11.130  -13.477    2.030 1.55
  12.556  -13.558    1.751 1.75
  13.278  -12.220    1.688 1.75
  14.457  -12.140    2.033 1.52
  12.791  -14.327    0.451 1.75
  12.257  -15.758    0.457 1.75
  12.658  -16.454   -0.834 1.75
  12.802  -16.500    1.663 1.75
  12.585  -11.177    1.248 1.55
  13.202   -9.862    1.152 1.75
  13.582   -9.363    2.536 1.75
  14.659   -8.794    2.729 1.52
  12.252   -8.886    0.491 1.75
  12.693   -9.584    3.497 1.55
  12.936   -9.152    4.865 1.75
  14.094   -9.933    5.465 1.75
  14.982   -9.350    6.082 1.52
  11.663   -9.323    5.705 1.75
  10.544   -8.391    5.277 1.75
   9.199   -8.762    5.889 1.75
   9.037   -8.220    7.297 1.75
   7.743   -8.652    7.915 1.55
  14.098  -11.247    5.273 1.55
  15.180  -12.061    5.802 1.75
  16.523  -11.660    5.218 1.75
  17.548  -11.712    5.890 1.52
  14.919  -13.542    5.535 1.75
  13.824  -14.116    6.409 1.75
  13.993  -13.709    7.878 1.75
  14.973  -14.155    8.528 1.52
  13.143  -12.930    8.382 1.52
  16.528  -11.256    3.961 1.55
  17.785  -10.863    3.348 1.75
  18.288   -9.549    3.903 1.75
  19.496   -9.337    4.042 1.52
  17.353   -8.657    4.213 1.55
  17.689   -7.353    4.759 1.75
  18.217   -7.535    6.169 1.75
  19.283   -7.025    6.529 1.52
  16.454   -6.445    4.753 1.75
  16.264   -5.878    3.343 1.75
  16.605   -5.340    5.780 1.75
  14.966   -5.139    3.145 1.75
  17.462   -8.285    6.954 1.55
  17.822   -8.591    8.325 1.75
  19.232   -9.163    8.342 1.75
  19.980   -9.022    9.309 1.52
  16.831   -9.619    8.859 1.75
  17.072  -10.094   10.261 1.75
  15.892  -10.921   10.711 1.75
  15.998  -11.293   12.166 1.75
  14.742  -11.959   12.616 1.55
  19.587   -9.796    7.235 1.55
  20.875  -10.452    7.083 1.75
  21.966   -9.485    6.592 1.75
  23.122   -9.873    6.413 1.52
  20.682  -11.628    6.116 1.75
  21.820  -12.612    5.999 1.75
  21.512  -13.632    4.908 1.75
  20.334  -14.431    5.232 1.55
  19.272  -14.568    4.438 1.75
  19.218  -13.956    3.256 1.55
  18.260  -15.327    4.832 1.55
  21.596   -8.226    6.368 1.55
  22.579   -7.250    5.934 1.75
  22.670   -6.988    4.447 1.75
  23.417   -6.095    4.006 1.52
  21.916   -7.747    3.659 1.55
  21.954   -7.572    2.216 1.75
  21.505   -6.182    1.809 1.75
  20.592   -5.626    2.410 1.52
  21.104   -8.649    1.566 1.75
  21.767   -9.994    1.707 1.75
  20.849  -11.150    1.419 1.75
  20.177  -11.140    0.360 1.52
  20.811  -12.078    2.256 1.52
  22.160   -5.605    0.808 1.55
  21.786   -4.266    0.372 1.75
  21.446   -4.183   -1.107 1.75
  21.086   -3.117   -1.605 1.52
  22.894   -3.236    0.717 1.75
  24.046   -3.446   -0.111 1.52
  23.304   -3.390    2.178 1.75
  21.560   -5.313   -1.805 1.55
  21.239   -5.377   -3.232 1.75
  19.861   -5.996   -3.450 1.75
  19.467   -6.935   -2.748 1.52
  22.254   -6.236   -3.980 1.75
  23.649   -5.673   -3.933 1.75
  23.893   -4.601   -4.536 1.52
  24.505   -6.316   -3.285 1.52
  19.140   -5.459   -4.431 1.55
  17.813   -5.949   -4.810 1.75
  16.622   -5.632   -3.912 1.75
  15.607   -5.132   -4.387 1.52
  17.848   -7.466   -5.015 1.75
  18.872   -7.918   -6.003 1.75
  18.907   -7.458   -7.303 1.55
  19.911   -8.776   -5.877 1.75
  19.929   -8.008   -7.934 1.75
  20.555   -8.812   -7.091 1.55
  16.743   -5.926   -2.625 1.55
  15.644   -5.730   -1.685 1.75
  15.022   -4.347   -1.522 1.75
  15.694   -3.320   -1.610 1.52
  16.069   -6.229   -0.311 1.75
  16.730   -7.568   -0.343 1.75
  16.132   -8.676   -0.903 1.55
  17.930   -7.982    0.127 1.75
  16.934   -9.717   -0.771 1.75
  18.031   -9.323   -0.148 1.55
  13.715   -4.341   -1.283 1.55
  12.986   -3.113   -1.041 1.75
  13.042   -3.004    0.472 1.75
  12.927   -4.005    1.167 1.52
  11.554   -3.248   -1.501 1.75
  13.236   -1.806    0.995 1.55
  13.323   -1.637    2.439 1.75
  11.985   -1.761    3.158 1.75
  11.946   -1.802    4.393 1.52
  13.948   -0.275    2.798 1.75
  15.409   -0.253    2.358 1.75
  13.166    0.853    2.126 1.75
  10.895   -1.822    2.395 1.55
   9.553   -1.923    2.973 1.75
   8.577   -2.271    1.858 1.75
   8.973   -2.340    0.695 1.52
   9.140   -0.586    3.587 1.75
   8.990    0.394    2.572 1.52
   7.304   -2.468    2.184 1.55
   6.362   -2.781    1.127 1.75
   5.982   -1.518    0.357 1.75
   5.227   -1.578   -0.604 1.52
   5.107   -3.474    1.686 1.75
   4.174   -2.603    2.503 1.75
   2.944   -3.388    2.979 1.75
   3.253   -4.246    4.120 1.55
   3.325   -3.824    5.383 1.75
   3.098   -2.546    5.690 1.55
   3.648   -4.679    6.344 1.55
   6.535   -0.377    0.761 1.55
   6.220    0.876    0.096 1.75
   6.699    0.955   -1.340 1.75
   6.080    1.622   -2.176 1.52
   7.812    0.283   -1.630 1.55
   8.362    0.286   -2.980 1.75
   7.313   -0.300   -3.924 1.75
   6.949    0.312   -4.928 1.52
   9.646   -0.545   -3.033 1.75
  10.645   -0.045   -2.158 1.52
   6.824   -1.487   -3.584 1.55
   5.809   -2.162   -4.376 1.75
   4.573   -1.279   -4.490 1.75
   3.925   -1.212   -5.540 1.52
   5.447   -3.492   -3.724 1.75
   4.260   -0.586   -3.406 1.55
   3.102    0.291   -3.374 1.75
   3.233    1.435   -4.373 1.75
   2.287    1.737   -5.115 1.52
   2.921    0.837   -1.961 1.75
   1.542    1.351   -1.682 1.75
   1.338    1.573   -0.197 1.75
  -0.076    2.031    0.090 1.75
  -0.318    2.146    1.547 1.55
   4.405    2.071   -4.393 1.55
   4.642    3.183   -5.308 1.75
   4.648    2.648   -6.736 1.75
   4.070    3.259   -7.639 1.52
   5.984    3.862   -5.002 1.75
   6.092    5.393   -5.139 1.75
   7.542    5.789   -5.434 1.75
   5.205    5.880   -6.245 1.75
   5.288    1.491   -6.927 1.55
   5.375    0.861   -8.239 1.75
   4.015    0.795   -8.924 1.75
   3.890    1.120  -10.106 1.52
   5.959   -0.550   -8.128 1.75
   6.034   -1.268   -9.481 1.75
   6.650   -2.673   -9.418 1.75
   5.889   -3.600   -8.578 1.55
   6.222   -4.876   -8.379 1.75
   7.300   -5.381   -8.967 1.55
   5.494   -5.643   -7.571 1.55
   2.993    0.393   -8.178 1.55
   1.645    0.280   -8.729 1.75
   1.174    1.571   -9.386 1.75
   0.634    1.527  -10.490 1.52
   0.656   -0.115   -7.640 1.75
  -0.701   -0.494   -8.157 1.75
  -1.117   -1.738   -8.514 1.75
  -1.823    0.375   -8.357 1.75
  -2.426   -1.708   -8.919 1.55
  -2.886   -0.424   -8.834 1.75
  -2.035    1.751   -8.179 1.75
  -4.135    0.097   -9.137 1.75
  -3.281    2.268   -8.482 1.75
  -4.317    1.439   -8.956 1.75
   1.360    2.711   -8.712 1.55
   0.946    4.003   -9.273 1.75
   1.807    4.344  -10.488 1.75
   1.297    4.735  -11.538 1.52
   1.104    5.147   -8.259 1.75
   0.151    5.085   -7.096 1.75
   0.632    5.040   -5.784 1.75
  -1.229    5.095   -7.304 1.75
  -0.244    5.008   -4.698 1.75
  -2.114    5.062   -6.218 1.75
  -1.616    5.019   -4.915 1.75
   3.119    4.192  -10.330 1.55
   4.065    4.503  -11.392 1.75
   3.946    3.661  -12.660 1.75
   3.988    4.208  -13.758 1.52
   5.513    4.410  -10.883 1.75
   6.476    4.657  -12.017 1.75
   5.729    5.421   -9.784 1.75
   3.805    2.345  -12.526 1.55
   3.694    1.512  -13.723 1.75
   2.349    1.745  -14.432 1.75
   1.993    1.032  -15.368 1.52
   3.906    0.022  -13.377 1.75
   2.821   -0.629  -12.512 1.75
   3.203   -2.040  -12.034 1.75
   2.335   -2.734  -11.435 1.52
   4.370   -2.448  -12.252 1.52
   1.617    2.757  -13.982 1.55
   0.333    3.111  -14.571 1.75
   0.331    4.584  -14.921 1.75
  -0.718    5.158  -15.212 1.52
  -0.803    2.857  -13.595 1.75
  -0.979    1.422  -13.242 1.75
  -1.956    1.271  -12.110 1.75
  -2.498   -0.075  -12.117 1.55
  -1.774   -1.177  -11.964 1.75
  -0.464   -1.099  -11.773 1.55
  -2.365   -2.359  -12.041 1.55
   1.504    5.199  -14.862 1.55
   1.650    6.611  -15.190 1.75
   0.714    7.541  -14.423 1.75
   0.400    8.638  -14.875 1.52
   1.464    6.800  -16.693 1.75
   2.392    5.916  -17.495 1.75
   3.609    5.947  -17.306 1.52
   1.824    5.110  -18.390 1.55
   0.258    7.102  -13.261 1.55
  -0.590    7.949  -12.444 1.75
   0.334    9.005  -11.799 1.75
  -0.109   10.070  -11.360 1.52
  -1.293    7.101  -11.394 1.75
  -2.407    6.190  -11.914 1.75
  -2.660    5.030  -10.948 1.75
  -3.669    7.028  -12.106 1.75
   1.624    8.677  -11.755 1.55
   2.688    9.549  -11.241 1.75
   3.968    9.163  -11.994 1.75
   4.346    7.990  -12.038 1.52
   2.962    9.364   -9.731 1.75
   3.910   10.455   -9.262 1.75
   1.668    9.415   -8.940 1.75
   4.636   10.152  -12.573 1.55
   5.841    9.909  -13.357 1.75
   7.061   10.621  -12.782 1.75
   7.454   11.684  -13.266 1.52
   5.619   10.382  -14.815 1.75
   4.477    9.714  -15.360 1.52
   6.831   10.084  -15.677 1.75
   7.683   10.039  -11.744 1.55
   8.863   10.656  -11.122 1.75
  10.021   10.950  -12.084 1.75
  10.565   10.060  -12.737 1.52
   9.221    9.680   -9.992 1.75
   8.572    8.403  -10.399 1.75
   7.288    8.808  -11.040 1.75
  10.387   12.228  -12.146 1.55
  11.432   12.713  -13.038 1.75
  12.196   13.835  -12.355 1.75
  11.689   14.457  -11.423 1.52
  10.776   13.279  -14.289 1.75
   9.784   14.385  -13.923 1.75
   8.839   14.748  -15.049 1.75
   8.797   13.997  -16.055 1.52
   8.131   15.777  -14.919 1.52
  13.402   14.108  -12.848 1.55
  14.217   15.178  -12.296 1.75
  14.543   15.041  -10.822 1.75
  14.984   13.979  -10.371 1.52
  14.339   16.127  -10.077 1.55
  14.603   16.135   -8.647 1.75
  13.346   15.676   -7.923 1.75
  12.298   16.323   -7.981 1.52
  14.998   17.543   -8.178 1.75
  15.258   17.686   -6.670 1.75
  15.424   19.170   -6.307 1.75
  15.258   19.474   -4.807 1.75
  16.380   19.002   -3.950 1.55
  13.459   14.539   -7.254 1.55
  12.346   13.979   -6.512 1.75
  12.544   14.199   -5.012 1.75
  13.592   13.863   -4.447 1.52
  12.199   12.444   -6.768 1.75
  10.987   11.901   -6.015 1.75
  12.073   12.161   -8.264 1.75
  11.535   14.774   -4.376 1.55
  11.568   14.999   -2.946 1.75
  10.568   14.014   -2.341 1.75
   9.392   14.000   -2.708 1.52
  11.154   16.450   -2.596 1.75
  10.965   16.600   -1.091 1.75
  12.224   17.425   -3.096 1.75
  11.048   13.184   -1.424 1.55
  10.213   12.192   -0.761 1.75
   9.967   12.597    0.702 1.75
  10.765   12.284    1.590 1.52
  10.900   10.820   -0.859 1.75
  10.126    9.719   -0.167 1.75
   8.893    9.839   -0.008 1.52
  10.761    8.715    0.213 1.52
   8.863   13.310    0.930 1.55
   8.478   13.788    2.259 1.75
   7.991   12.654    3.163 1.75
   6.921   12.075    2.943 1.52
   7.379   14.854    2.128 1.75
   7.734   16.345    2.217 1.75
   8.946   16.677    1.381 1.75
   6.537   17.161    1.765 1.75
   8.781   12.354    4.191 1.55
   8.444   11.285    5.119 1.75
   8.818    9.933    4.531 1.75
   8.008    9.022    4.511 1.52
  10.057    9.813    4.069 1.55
  10.559    8.595    3.442 1.75
  10.667    7.364    4.341 1.75
  10.845    6.242    3.854 1.52
  11.935    8.874    2.860 1.75
  13.125    9.357    4.133 1.80
  10.573    7.571    5.648 1.55
  10.695    6.460    6.571 1.75
  11.983    5.737    6.251 1.75
  13.044    6.351    6.229 1.52
  11.886    4.438    5.987 1.55
  13.056    3.637    5.660 1.75
  13.523    3.938    4.241 1.75
  14.660    3.637    3.872 1.52
  12.743    2.145    5.811 1.75
  12.817    1.644    7.241 1.75
  12.332    0.202    7.356 1.75
  10.883    0.123    7.220 1.55
  10.170   -0.989    7.381 1.75
  10.781   -2.126    7.687 1.55
   8.847   -0.964    7.231 1.55
  12.638    4.523    3.440 1.55
  13.015    4.881    2.086 1.75
  12.539    4.005    0.949 1.75
  13.201    3.939   -0.087 1.52
  11.397    3.346    1.120 1.55
  10.881    2.486    0.069 1.75
  10.624    3.264   -1.202 1.75
  11.003    2.845   -2.290 1.52
   9.984    4.416   -1.062 1.55
   9.672    5.258   -2.206 1.75
  10.924    5.875   -2.819 1.75
  11.041    5.980   -4.044 1.52
   8.705    6.375   -1.791 1.75
   7.285    5.923   -1.567 1.75
   6.859    4.652   -1.302 1.75
   6.107    6.741   -1.595 1.75
   5.498    4.627   -1.169 1.55
   5.009    5.896   -1.347 1.75
   5.877    8.107   -1.809 1.75
   3.689    6.370   -1.309 1.75
   4.562    8.582   -1.771 1.75
   3.487    7.710   -1.525 1.75
  11.866    6.272   -1.967 1.55
  13.083    6.918   -2.450 1.75
  14.007    6.011   -3.240 1.75
  14.450    6.372   -4.327 1.52
  13.848    7.551   -1.287 1.75
  13.122    8.638   -0.747 1.52
  14.301    4.834   -2.697 1.55
  15.177    3.900   -3.387 1.75
  14.529    3.455   -4.692 1.75
  15.221    3.229   -5.682 1.52
  15.489    2.684   -2.499 1.75
  16.534    2.955   -1.426 1.75
  16.244    2.762   -0.071 1.75
  17.812    3.416   -1.766 1.75
  17.195    3.018    0.919 1.75
  18.774    3.678   -0.781 1.75
  18.460    3.476    0.559 1.75
  19.407    3.726    1.538 1.52
  13.205    3.340   -4.696 1.55
  12.492    2.934   -5.899 1.75
  12.633    3.981   -7.010 1.75
  12.908    3.644   -8.157 1.52
  11.007    2.705   -5.596 1.75
  10.189    2.402   -6.836 1.75
  10.399    1.229   -7.559 1.75
   9.260    3.322   -7.328 1.75
   9.715    0.983   -8.746 1.75
   8.571    3.084   -8.515 1.75
   8.810    1.914   -9.218 1.75
   8.170    1.677  -10.412 1.52
  12.437    5.250   -6.667 1.55
  12.554    6.320   -7.642 1.75
  13.987    6.449   -8.132 1.75
  14.228    6.889   -9.261 1.52
  12.112    7.641   -7.024 1.75
  10.337    7.784   -6.801 1.80
  14.930    6.062   -7.273 1.55
  16.334    6.148   -7.612 1.75
  16.764    5.250   -8.755 1.75
  17.897    5.347   -9.238 1.52
  15.869    4.374   -9.195 1.55
  16.202    3.476  -10.281 1.75
  15.435    3.804  -11.546 1.75
  15.647    3.181  -12.582 1.52
  14.548    4.792  -11.470 1.55
  13.750    5.181  -12.625 1.75
  14.438    6.084  -13.658 1.75
  15.007    7.122  -13.316 1.52
  12.456    5.872  -12.169 1.75
  11.493    5.067  -11.297 1.75
  10.242    5.880  -11.099 1.75
  11.155    3.733  -11.941 1.75
  14.367    5.669  -14.923 1.55
  14.919    6.436  -16.038 1.75
  15.338    7.912  -16.071 1.75
  16.537    8.233  -16.079 1.52
  14.469    5.803  -17.367 1.75
  14.520    6.735  -18.581 1.75
  13.519    6.335  -19.690 1.75
  14.025    5.208  -20.614 1.75
  13.075    4.933  -21.758 1.55
  14.330    8.761  -16.084 1.55
  14.527   10.229  -16.106 1.75
  14.615   10.896  -14.736 1.75
  14.373   12.100  -14.619 1.52
  13.069   10.286  -16.580 1.75
  12.922    9.890  -18.024 1.75
  12.224    8.930  -18.351 1.52
  13.592   10.622  -18.903 1.55
  14.929   10.125  -13.700 1.55
  15.077   10.703  -12.373 1.75
  16.559   11.018  -12.194 1.75
  17.418   10.186  -12.499 1.52
  14.612    9.728  -11.273 1.75
  15.034   10.243   -9.903 1.75
  13.094    9.582  -11.327 1.75
  16.865   12.217  -11.710 1.55
  18.260   12.609  -11.533 1.75
  18.704   12.633  -10.080 1.75
  19.773   12.135   -9.744 1.52
  18.511   13.986  -12.169 1.75
  18.221   14.057  -13.667 1.75
  19.029   13.018  -14.439 1.75
  18.411   12.675  -15.722 1.55
  18.723   11.597  -16.442 1.75
  19.649   10.740  -16.010 1.55
  18.110   11.376  -17.600 1.55
  17.880   13.210   -9.218 1.55
  18.205   13.310   -7.804 1.75
  16.994   12.937   -6.939 1.75
  15.846   13.277   -7.258 1.52
  18.658   14.738   -7.498 1.75
  18.920   15.039   -6.033 1.75
  19.085   16.531   -5.779 1.75
  19.179   16.934   -4.598 1.52
  19.120   17.304   -6.762 1.52
  17.256   12.222   -5.852 1.55
  16.202   11.821   -4.939 1.75
  16.621   12.266   -3.556 1.75
  17.705   11.922   -3.090 1.52
  16.006   10.283   -4.890 1.75
  14.905    9.948   -3.916 1.75
  15.648    9.744   -6.257 1.75
  15.753   13.030   -2.909 1.55
  16.003   13.517   -1.563 1.75
  14.832   13.068   -0.696 1.75
  13.688   13.470   -0.926 1.52
  16.101   15.045   -1.578 1.75
  16.703   15.649   -0.329 1.75
  16.897   17.147   -0.487 1.75
  17.592   17.737    0.743 1.75
  17.813   19.212    0.646 1.55
  15.119   12.219    0.288 1.55
  14.074   11.731    1.181 1.75
  14.247   12.286    2.582 1.75
  15.367   12.344    3.081 1.52
  13.158   12.679    3.232 1.55
  13.271   13.248    4.572 1.75
  12.308   12.680    5.609 1.75
  11.114   12.585    5.342 1.52
  13.050   14.753    4.485 1.75
  13.808   15.511    3.398 1.75
  13.371   16.963    3.454 1.75
  15.323   15.383    3.582 1.75
  12.824   12.306    6.785 1.55
  11.972   11.790    7.875 1.75
  12.411   12.185    9.274 1.75
  13.512   12.708    9.475 1.52
  11.848   10.247    7.905 1.75
  13.027    9.641    7.372 1.52
  10.639    9.811    7.162 1.75
  11.532   11.917   10.238 1.55
  11.805   12.213   11.636 1.75
  12.789   11.206   12.186 1.75
  13.804   11.569   12.778 1.52
  10.536   12.124   12.471 1.75
   9.529   13.223   12.245 1.75
   8.301   12.976   13.104 1.75
   8.680   12.819   14.579 1.75
   7.505   12.578   15.459 1.55
  12.483    9.932   11.987 1.55
  13.353    8.905   12.509 1.75
  13.325    9.015   14.018 1.75
  12.372    9.548   14.603 1.52
  14.381    8.521   14.649 1.55
  14.461    8.570   16.093 1.75
  13.840    7.349   16.739 1.75
  13.059    6.630   16.107 1.52
  14.168    7.089   18.012 1.55
  13.601    5.927   18.692 1.75
  12.103    5.815   18.439 1.75
  11.383    6.815   18.444 1.52
  13.934    6.192   20.163 1.75
  14.067    7.703   20.228 1.75
  14.836    7.983   18.973 1.75
  11.645    4.593   18.202 1.55
  10.233    4.378   17.956 1.75
   9.742    4.879   16.606 1.75
   8.539    5.089   16.407 1.52
  10.663    5.073   15.668 1.55
  10.289    5.538   14.339 1.75
  11.152    4.908   13.256 1.75
  12.346    4.684   13.456 1.52
  10.404    7.061   14.264 1.75
   9.341    7.781   15.031 1.75
   8.000    7.610   14.771 1.55
   9.421    8.669   16.048 1.75
   7.294    8.363   15.598 1.75
   8.132    9.015   16.382 1.55
  10.556    4.619   12.106 1.55
  11.325    4.025   11.028 1.75
  12.448    4.966   10.599 1.75
  12.222    6.136   10.290 1.52
  10.421    3.678    9.829 1.75
   9.580    2.402   10.013 1.75
  10.379    1.233   10.614 1.75
  11.586    1.101   10.308 1.52
   9.801    0.436   11.385 1.52
  13.663    4.433   10.614 1.55
  14.858    5.164   10.236 1.75
  15.308    4.690    8.860 1.75
  15.221    3.504    8.556 1.52
  15.982    4.863   11.228 1.75
  15.786    5.436   12.597 1.75
  16.434    6.791   12.735 1.75
  16.962    7.314   11.720 1.52
  16.414    7.328   13.864 1.52
  15.795    5.608    8.011 1.55
  16.253    5.197    6.678 1.75
  17.304    4.096    6.777 1.75
  18.116    4.090    7.697 1.52
  16.804    6.496    6.076 1.75
  17.059    7.388    7.270 1.75
  15.899    7.067    8.175 1.75
  17.272    3.162    5.831 1.55
  18.209    2.041    5.815 1.75
  19.149    2.142    4.627 1.75
  18.704    2.164    3.482 1.52
  17.456    0.700    5.711 1.75
  16.643    0.466    6.978 1.75
  18.430   -0.436    5.482 1.75
  15.632   -0.660    6.852 1.75
  20.466    2.198    4.877 1.55
  21.393    2.293    3.744 1.75
  21.271    1.085    2.804 1.75
  21.235   -0.062    3.255 1.52
  22.755    2.384    4.427 1.75
  22.548    1.615    5.695 1.75
  21.199    2.097    6.152 1.75
  21.197    1.348    1.501 1.55
  21.080    0.283    0.512 1.75
  21.943    0.535   -0.720 1.75
  22.339    1.668   -1.005 1.52
  19.621    0.131    0.079 1.75
  18.695   -0.321    1.188 1.75
  19.019   -2.012    1.781 1.80
  17.968   -3.012    0.645 1.75
  22.236   -0.526   -1.458 1.55
  23.029   -0.370   -2.662 1.75
  22.202   -0.728   -3.888 1.75
  22.748   -1.144   -4.906 1.52
  24.270   -1.256   -2.611 1.75
  23.916   -2.620   -2.710 1.52
  20.885   -0.575   -3.793 1.55
  20.029   -0.887   -4.926 1.75
  20.311    0.071   -6.078 1.75
  20.912    1.129   -5.885 1.52
  18.540   -0.818   -4.548 1.75
  18.263    0.421   -3.882 1.52
  18.178   -1.980   -3.636 1.75
  19.868   -0.300   -7.273 1.55
  20.116    0.507   -8.450 1.75
  19.737    1.972   -8.295 1.75
  18.589    2.306   -8.019 1.52
  19.403   -0.093   -9.663 1.75
  19.760    0.571  -10.982 1.75
  21.065    0.515  -11.500 1.75
  18.796    1.270  -11.705 1.75
  21.390    1.148  -12.712 1.75
  19.106    1.903  -12.911 1.75
  20.400    1.845  -13.414 1.75
  20.679    2.504  -14.606 1.52
  20.733    2.835   -8.479 1.55
  20.530    4.265   -8.387 1.75
  20.705    4.794   -6.991 1.75
  20.481    5.979   -6.750 1.52
  21.124    3.934   -6.071 1.55
  21.291    4.354   -4.693 1.75
  22.171    5.597   -4.541 1.75
  22.007    6.378   -3.597 1.52
  21.859    3.214   -3.859 1.75
  23.220    2.844   -4.236 1.75
  23.591    1.852   -5.082 1.75
  24.430    3.441   -3.756 1.75
  24.961    1.779   -5.161 1.55
  25.502    2.746   -4.353 1.75
  24.712    4.498   -2.872 1.75
  26.843    3.069   -4.098 1.75
  26.045    4.820   -2.618 1.75
  27.092    4.106   -3.231 1.75
  23.102    5.771   -5.471 1.55
  24.000    6.919   -5.464 1.75
  23.271    8.236   -5.747 1.75
  23.745    9.306   -5.367 1.52
  25.142    6.716   -6.478 1.75
  24.653    6.270   -7.855 1.75
  25.452    5.989   -8.745 1.52
  23.342    6.203   -8.033 1.55
  22.116    8.170   -6.399 1.55
  21.365    9.389   -6.693 1.75
  20.423    9.700   -5.534 1.75
  19.756   10.742   -5.510 1.52
  20.536    9.215   -7.967 1.75
  21.177    8.500   -9.158 1.75
  20.192    8.528  -10.327 1.75
  22.493    9.168   -9.550 1.75
  20.397    8.797   -4.561 1.55
  19.509    8.916   -3.410 1.75
  20.155    9.325   -2.087 1.75
  21.098    8.688   -1.616 1.52
  18.750    7.571   -3.204 1.75
  17.839    7.645   -1.979 1.75
  17.947    7.241   -4.460 1.75
  19.627   10.391   -1.493 1.55
  20.102   10.883   -0.208 1.75
  18.928   10.938    0.763 1.75
  17.925   11.616    0.515 1.52
  20.730   12.272   -0.352 1.75
  22.137   12.255   -0.929 1.75
  22.708   13.671   -1.041 1.75
  24.016   13.705   -1.703 1.55
  24.643   14.828   -2.067 1.75
  24.088   16.016   -1.837 1.55
  25.828   14.765   -2.671 1.55
  19.052   10.214    1.868 1.55
  17.994   10.172    2.875 1.75
  18.520   10.683    4.211 1.75
  19.573   10.249    4.683 1.52
  17.499    8.736    3.088 1.75
  17.104    7.834    1.922 1.75
  16.953    6.410    2.432 1.75
  15.827    8.323    1.292 1.75
  17.784   11.598    4.827 1.55
  18.190   12.108    6.120 1.75
  17.030   12.107    7.098 1.75
  15.923   12.546    6.767 1.52
  18.764   13.520    5.985 1.75
  18.332   14.268    4.751 1.75
  18.836   15.698    4.751 1.75
  18.422   16.505    5.583 1.52
  19.737   16.019    3.822 1.55
  17.287   11.588    8.300 1.55
  16.267   11.557    9.342 1.75
  16.525   12.706   10.311 1.75
  17.504   13.444   10.169 1.52
  16.278   10.219   10.099 1.75
  17.444   10.067   10.879 1.52
  15.643   12.853   11.294 1.55
  15.783   13.927   12.260 1.75
  15.267   15.211   11.651 1.75
  15.664   16.307   12.040 1.52
  14.367   15.063   10.687 1.55
  13.792   16.199    9.997 1.75
  12.293   16.175   10.175 1.75
  11.678   15.127   10.027 1.52
  14.065   16.123    8.485 1.75
  13.526   17.366    7.804 1.75
  15.558   15.944    8.218 1.75
  11.702   17.318   10.500 1.55
  10.253   17.399   10.637 1.75
   9.782   18.261    9.481 1.75
   9.726   19.483    9.586 1.52
   9.853   18.055   11.946 1.75
   8.343   18.230   12.073 1.75
   7.702   18.732   11.116 1.52
   7.797   17.875   13.142 1.52
   9.441   17.607    8.380 1.55
   9.002   18.282    7.164 1.75
   8.059   19.470    7.338 1.75
   8.096   20.415    6.550 1.52
   8.351   17.264    6.192 1.75
   9.325   16.129    5.913 1.75
   7.055   16.720    6.787 1.75
   7.225   19.440    8.365 1.55
   6.278   20.523    8.563 1.75
   6.892   21.890    8.852 1.75
   6.246   22.917    8.632 1.52
   5.305   20.172    9.682 1.75
   4.336   19.087    9.326 1.75
   4.633   17.757    9.581 1.75
   3.102   19.404    8.779 1.75
   3.712   16.760    9.306 1.75
   2.180   18.420    8.499 1.75
   2.482   17.096    8.765 1.75
   8.131   21.918    9.335 1.55
   8.772   23.190    9.660 1.75
  10.103   23.480    8.977 1.75
  11.021   24.026    9.580 1.52
   8.908   23.315   11.181 1.75
   7.585   23.310   11.894 1.75
   6.971   22.110   12.240 1.75
   6.906   24.510   12.125 1.75
   5.704   22.104   12.794 1.75
   5.633   24.519   12.679 1.75
   5.027   23.319   13.014 1.75
  10.211   23.098    7.715 1.55
  11.411   23.383    6.954 1.75
  10.889   24.157    5.755 1.75
   9.698   24.096    5.443 1.52
  12.147   22.101    6.492 1.75
  11.225   21.230    5.643 1.75
  12.631   21.319    7.696 1.75
  11.905   19.971    5.142 1.75
  11.752   24.940    5.097 1.55
  11.281   25.696    3.939 1.75
  11.213   24.768    2.735 1.75
  12.009   23.828    2.617 1.52
  12.342   26.776    3.796 1.75
  13.590   26.039    4.180 1.75
  13.160   25.253    5.402 1.75
  10.248   25.002    1.839 1.55
  10.077   24.181    0.637 1.75
  11.209   24.374   -0.365 1.75
  11.596   25.500   -0.662 1.52
   8.740   24.656    0.076 1.75
   8.006   25.124    1.297 1.75
   9.079   25.870    2.045 1.75
  11.769   23.287   -0.806 1.55
  12.769   23.263   -1.876 1.75
  12.075   23.046   -3.211 1.75
  11.040   22.399   -3.294 1.52
  13.757   22.120   -1.660 1.75
  14.477   22.159   -0.319 1.75
  15.400   20.962   -0.150 1.75
  15.928   20.416   -1.192 1.52
  15.648   20.499    1.021 1.52
  12.658   23.591   -4.228 1.55
  12.135   23.469   -5.588 1.75
  12.262   21.998   -6.009 1.75
  13.270   21.345   -5.771 1.52
  12.959   24.372   -6.498 1.75
  14.319   23.769   -6.849 1.75
  15.144   24.660   -7.773 1.75
  16.417   24.047   -8.174 1.55
  17.310   24.636   -8.979 1.75
  17.087   25.858   -9.481 1.55
  18.472   24.077   -9.345 1.55
  11.247   21.445   -6.638 1.55
  11.329   20.028   -7.049 1.75
  10.342   19.713   -8.172 1.75
   9.306   20.360   -8.319 1.52
  11.032   19.110   -5.843 1.75
   9.274   19.193   -5.236 1.80
  10.770   18.751   -9.012 1.55
   9.976   18.372  -10.178 1.75
   8.885   17.366   -9.860 1.75
   7.840   17.348  -10.512 1.52
  10.889   17.805  -11.251 1.75
  12.100   18.660  -11.462 1.75
  11.926   19.821  -11.889 1.52
  13.219   18.174  -11.184 1.52
   9.139   16.504   -8.885 1.55
   8.131   15.543   -8.488 1.75
   8.148   15.551   -6.973 1.75
   9.215   15.554   -6.359 1.52
   8.420   14.117   -9.037 1.75
   9.362   13.453   -8.194 1.52
   8.987   14.195  -10.450 1.75
   6.962   15.609   -6.377 1.55
   6.834   15.630   -4.934 1.75
   6.033   14.432   -4.460 1.75
   4.892   14.233   -4.857 1.52
   6.147   16.915   -4.473 1.75
   5.866   16.957   -2.967 1.75
   7.165   17.183   -2.212 1.75
   4.878   18.066   -2.659 1.75
   6.647   13.637   -3.598 1.55
   6.014   12.451   -3.040 1.75
   5.860   12.676   -1.549 1.75
   6.731   13.277   -0.909 1.52
   6.898   11.226   -3.248 1.75
   7.437   10.995   -4.658 1.75
   8.378    9.801   -4.643 1.75
   6.275   10.774   -5.611 1.75
   4.752   12.198   -0.997 1.55
   4.508   12.327    0.427 1.75
   3.634   11.160    0.874 1.75
   2.532   10.971    0.370 1.52
   3.828   13.662    0.740 1.75
   3.797   14.043    2.518 1.80
   4.141   10.386    1.823 1.55
   3.436    9.224    2.335 1.75
   3.177    9.372    3.842 1.75
   3.167    8.387    4.580 1.52
   4.292    7.989    2.070 1.75
   3.488    6.710    2.052 1.75
   4.124    5.641    2.066 1.52
   2.234    6.762    2.011 1.52
   2.970   10.606    4.293 1.55
   2.742   10.876    5.715 1.75
   1.276   10.824    6.127 1.75
   0.404   11.288    5.395 1.52
   3.304   12.265    6.119 1.75
   4.817   12.288    5.928 1.75
   2.942   12.583    7.587 1.75
   5.425   13.653    6.156 1.75
   1.023   10.269    7.310 1.55
  -0.337   10.169    7.810 1.75
  -0.547    9.060    8.827 1.75
  -0.697    7.897    8.463 1.52
  -0.563    9.424   10.105 1.55
  -0.754    8.466   11.190 1.75
  -2.254    8.223   11.432 1.75
  -3.016    9.167   11.640 1.52
  -0.089    9.012   12.450 1.75
   0.125    7.987   13.536 1.75
   0.609    8.617   14.829 1.75
  -0.077    9.542   15.328 1.52
   1.668    8.189   15.347 1.52
  -2.685    6.964   11.415 1.55
  -4.106    6.675   11.605 1.75
  -4.552    6.689   13.067 1.75
  -3.802    6.289   13.960 1.52
  -4.475    5.331   10.977 1.75
  -4.217    4.278   11.876 1.52
  -5.786    7.147   13.287 1.55
  -6.376    7.236   14.623 1.75
  -7.804    6.711   14.656 1.75
  -8.577    6.903   13.715 1.52
  -6.394    8.695   15.116 1.75
  -7.044    8.802   16.377 1.52
  -8.170    6.038   15.754 1.55
  -9.529    5.506   15.876 1.75
 -10.539    6.646   15.764 1.75
 -11.693    6.430   15.405 1.52
  -9.529    4.869   17.262 1.75
  -8.128    4.363   17.384 1.75
  -7.300    5.523   16.829 1.75
 -10.087    7.862   16.061 1.55
 -10.937    9.047   16.008 1.75
 -10.793    9.757   14.657 1.75
  -9.775   10.382   14.376 1.52
 -10.552   10.001   17.144 1.75
 -11.412   11.258   17.183 1.75
 -11.730   11.846   16.146 1.52
 -11.772   11.686   18.385 1.55
 -11.828    9.685   13.814 1.55
 -11.811   10.315   12.493 1.75
 -11.597   11.827   12.442 1.75
 -11.223   12.361   11.396 1.52
 -13.143    9.886   11.887 1.75
 -14.009    9.720   13.090 1.75
 -13.110    9.011   14.055 1.75
 -11.827   12.529   13.545 1.55
 -11.602   13.977   13.533 1.75
 -10.107   14.230   13.729 1.75
  -9.541   15.181   13.191 1.52
 -12.420   14.704   14.628 1.75
 -11.922   14.351   15.921 1.52
 -13.893   14.318   14.529 1.75
  -9.466   13.358   14.495 1.55
  -8.031   13.461   14.704 1.75
  -7.356   13.258   13.340 1.75
  -6.446   14.000   12.962 1.52
  -7.531   12.373   15.668 1.75
  -6.022   12.410   15.737 1.75
  -8.143   12.564   17.051 1.75
  -7.810   12.259   12.588 1.55
  -7.221   11.999   11.280 1.75
  -7.437   13.164   10.325 1.75
  -6.525   13.552    9.593 1.52
  -7.801   10.729   10.669 1.75
  -7.654    9.504   11.543 1.75
  -8.069    8.246   10.813 1.75
  -9.111    8.291   10.124 1.52
  -7.359    7.219   10.931 1.52
  -8.646   13.715   10.326 1.55
  -8.970   14.847    9.463 1.75
  -7.958   15.990    9.641 1.75
  -7.588   16.671    8.678 1.52
 -10.365   15.336    9.780 1.75
  -7.514   16.188   10.882 1.55
  -6.556   17.236   11.173 1.75
  -5.238   16.875   10.542 1.75
  -4.659   17.665    9.796 1.52
  -4.772   15.666   10.836 1.55
  -3.517   15.165   10.286 1.75
  -3.516   15.246    8.754 1.75
  -2.523   15.660    8.149 1.52
  -3.287   13.717   10.736 1.75
  -3.049   13.575   12.235 1.75
  -2.885   12.115   12.699 1.75
  -2.588   12.040   14.132 1.55
  -2.612   10.925   14.861 1.75
  -2.323   10.979   16.152 1.55
  -2.930    9.756   14.313 1.55
  -4.627   14.867    8.128 1.55
  -4.714   14.915    6.673 1.75
  -4.508   16.337    6.151 1.75
  -3.707   16.562    5.245 1.52
  -6.066   14.386    6.178 1.75
  -6.183   13.000    6.516 1.52
  -6.187   14.545    4.672 1.75
  -5.226   17.298    6.726 1.55
  -5.101   18.693    6.303 1.75
  -3.669   19.200    6.476 1.75
  -3.127   19.849    5.584 1.52
  -6.060   19.568    7.103 1.75
  -7.524   19.168    6.960 1.75
  -8.325   19.776    8.088 1.75
  -8.047   19.604    5.613 1.75
  -3.053   18.908    7.618 1.55
  -1.678   19.350    7.825 1.75
  -0.823   18.951    6.620 1.75
   0.005   19.732    6.134 1.52
  -1.080   18.732    9.091 1.75
  -1.500   19.400   10.390 1.75
  -0.543   19.026   11.522 1.75
   0.750   19.705   11.416 1.55
   1.811   19.433   12.177 1.75
   1.749   18.488   13.104 1.55
   2.936   20.119   12.024 1.55
  -1.043   17.730    6.142 1.55
  -0.312   17.191    5.003 1.75
  -0.662   17.889    3.691 1.75
   0.223   18.175    2.874 1.52
  -0.569   15.668    4.865 1.75
  -0.231   15.191    3.464 1.75
   0.270   14.917    5.880 1.75
  -1.946   18.153    3.482 1.55
  -2.377   18.816    2.255 1.75
  -1.784   20.219    2.180 1.75
  -1.291   20.647    1.127 1.52
  -3.904   18.885    2.184 1.75
  -4.598   17.526    2.043 1.75
  -6.098   17.721    1.987 1.75
  -4.118   16.826    0.783 1.75
  -1.821   20.933    3.302 1.55
  -1.273   22.279    3.330 1.75
   0.217   22.188    3.112 1.75
   0.799   23.004    2.400 1.52
  -1.575   22.965    4.659 1.75
  -3.049   23.259    4.831 1.75
  -3.687   23.851    3.947 1.52
  -3.606   22.850    5.971 1.55
   0.829   21.177    3.712 1.55
   2.261   20.962    3.566 1.75
   2.601   20.891    2.076 1.75
   3.375   21.695    1.556 1.52
   2.664   19.646    4.237 1.75
   4.100   19.451    4.741 1.75
   4.307   17.966    5.041 1.75
   5.114   19.924    3.727 1.75
   1.994   19.935    1.385 1.55
   2.279   19.744   -0.030 1.75
   1.928   20.936   -0.913 1.75
   2.638   21.226   -1.878 1.52
   1.578   18.470   -0.575 1.75
   1.805   17.320    0.396 1.75
   0.092   18.724   -0.792 1.75
   0.846   21.636   -0.595 1.55
   0.477   22.779   -1.414 1.75
   1.658   23.746   -1.466 1.75
   1.889   24.427   -2.473 1.52
  -0.751   23.488   -0.835 1.75
  -1.306   24.573   -1.757 1.75
  -2.642   25.128   -1.289 1.75
  -3.280   25.879   -2.061 1.52
  -3.055   24.821   -0.150 1.52
   2.410   23.785   -0.369 1.55
   3.567   24.659   -0.237 1.75
   4.767   24.212   -1.061 1.75
   5.705   24.990   -1.268 1.52
   3.972   24.744    1.232 1.75
   3.015   25.583    2.051 1.75
   1.843   25.734    1.700 1.52
   3.508   26.128    3.159 1.55
   4.747   22.960   -1.515 1.55
   5.850   22.424   -2.305 1.75
   5.491   22.223   -3.776 1.75
   6.364   21.937   -4.600 1.52
   6.333   21.090   -1.722 1.75
   7.018   21.195   -0.388 1.75
   6.459   21.598    0.791 1.75
   8.384   20.877   -0.093 1.75
   7.389   21.548    1.800 1.55
   8.579   21.109    1.286 1.75
   9.463   20.418   -0.862 1.75
   9.808   20.900    1.917 1.75
  10.691   20.207   -0.233 1.75
  10.848   20.450    1.150 1.75
   4.214   22.375   -4.113 1.55
   3.775   22.183   -5.495 1.75
   3.883   23.445   -6.339 1.75
   3.465   24.526   -5.914 1.52
   2.323   21.692   -5.539 1.75
   1.953   20.342   -4.921 1.75
   0.517   20.029   -5.275 1.75
   2.873   19.245   -5.439 1.75
   4.427   23.308   -7.544 1.55
   4.547   24.461   -8.419 1.75
   3.933   24.233   -9.799 1.75
   2.776   23.828   -9.916 1.52
   6.012   24.867   -8.566 1.75
   6.731   23.888   -9.296 1.52
   4.719   24.513  -10.835 1.55
   4.298   24.377  -12.230 1.75
   3.505   23.115  -12.540 1.75
   2.314   23.002  -12.234 1.52
   5.522   24.431  -13.174 1.75
   6.860   24.246  -12.440 1.75
   7.347   25.166  -11.781 1.52
   7.453   23.058  -12.558 1.55
   4.179   22.175  -13.184 1.55
   3.557   20.921  -13.557 1.75
   4.278   19.860  -12.756 1.75
   4.704   18.829  -13.286 1.52
   3.726   20.679  -15.057 1.75
   3.562   21.956  -15.871 1.75
   4.501   22.745  -16.005 1.52
   2.360   22.172  -16.403 1.55
   4.420   20.146  -11.467 1.55
   5.082   19.244  -10.548 1.75
   4.367   17.902  -10.534 1.75
   3.137   17.848  -10.474 1.52
   5.061   19.812   -9.121 1.75
   5.633   21.124   -9.116 1.52
   5.854   18.924   -8.183 1.75
   5.135   16.821  -10.606 1.55
   4.566   15.481  -10.557 1.75
   4.372   15.179   -9.087 1.75
   5.211   15.540   -8.262 1.52
   5.534   14.479  -11.160 1.75
   5.439   14.354  -12.658 1.75
   4.138   13.715  -13.079 1.75
   3.085   14.333  -13.022 1.52
   4.204   12.460  -13.486 1.55
   3.273   14.530   -8.734 1.55
   3.067   14.244   -7.326 1.75
   2.235   13.031   -6.996 1.75
   1.390   12.588   -7.774 1.52
   2.448   15.450   -6.626 1.75
   1.150   15.886   -7.224 1.75
   1.101   16.990   -8.062 1.75
  -0.026   15.193   -6.956 1.75
  -0.102   17.405   -8.628 1.75
  -1.240   15.599   -7.517 1.75
  -1.276   16.709   -8.355 1.75
   2.491   12.521   -5.799 1.55
   1.792   11.380   -5.252 1.75
   1.747   11.632   -3.753 1.75
   2.766   11.558   -3.075 1.52
   2.556   10.097   -5.545 1.75
   1.669    8.639   -5.013 1.80
   0.569   11.934   -3.235 1.55
   0.450   12.222   -1.823 1.75
  -0.645   11.447   -1.131 1.75
  -1.800   11.438   -1.558 1.52
   0.215   13.728   -1.597 1.75
   0.031   14.016   -0.119 1.75
   1.401   14.513   -2.131 1.75
  -0.273   10.797   -0.043 1.55
  -1.213   10.013    0.724 1.75
  -2.234   10.926    1.366 1.75
  -1.888   11.997    1.880 1.52
  -0.465    9.244    1.803 1.75
  -1.332    8.482    2.759 1.75
  -0.439    7.831    3.787 1.75
  -1.222    7.112    4.859 1.75
  -0.285    6.358    5.738 1.55
  -3.494   10.507    1.320 1.55
  -4.580   11.252    1.933 1.75
  -5.220   10.235    2.865 1.75
  -6.124    9.486    2.488 1.52
  -5.598   11.767    0.880 1.75
  -6.665   12.642    1.542 1.75
  -4.864   12.563   -0.187 1.75
  -4.692   10.213    4.084 1.55
  -5.107    9.311    5.149 1.75
  -6.614    9.128    5.304 1.75
  -7.128    8.011    5.235 1.52
  -4.510    9.813    6.461 1.75
  -4.904    9.084    7.740 1.75
  -4.478    7.626    7.653 1.75
  -4.252    9.786    8.924 1.75
  -7.308   10.239    5.538 1.55
  -8.760   10.248    5.708 1.75
  -9.324   11.234    4.686 1.75
  -9.416   12.431    4.947 1.52
  -9.123   10.700    7.127 1.75
 -10.594   10.550    7.421 1.75
 -11.448   10.914    6.605 1.52
 -10.904   10.015    8.592 1.55
  -9.700   10.736    3.500 1.55
 -10.252   11.553    2.411 1.75
 -11.760   11.770    2.472 1.75
 -12.307   12.560    1.698 1.52
  -9.849   10.763    1.174 1.75
 -10.082    9.362    1.638 1.75
  -9.488    9.347    3.048 1.75
 -12.401   11.075    3.468 1.55
 -13.861   11.161    3.485 1.75
 -14.367   12.241    4.471 1.75
 -15.505   12.702    4.372 1.52
 -14.492    9.807    3.869 1.75
 -14.010    9.192    5.191 1.75
 -12.974    8.244    5.194 1.75
 -14.608    9.566    6.397 1.75
 -12.555    7.666    6.404 1.75
 -14.192    8.987    7.601 1.75
 -13.171    8.037    7.606 1.75
 -12.786    7.467    8.785 1.52
 -13.533   12.657    5.427 1.55
 -13.960   13.712    6.388 1.75
 -14.168   15.027    5.626 1.75
 -13.343   15.438    4.818 1.52
 -12.941   13.934    7.485 1.75
 -13.016   12.882    8.588 1.75
 -14.639   12.694    9.279 1.80
 -14.680   13.530   10.842 1.75
 -15.227   15.719    5.914 1.55
 -15.633   16.892    5.180 1.75
 -14.609   17.960    5.321 1.75
 -14.324   18.841    4.586 1.52
 -16.901   17.311    5.807 1.75
 -17.136   16.380    6.969 1.75
 -16.019   15.409    7.049 1.75
 -13.902   18.146    6.180 1.55
 -12.996   19.252    5.887 1.75
 -11.963   18.799    4.776 1.75
 -11.584   19.556    3.859 1.52
 -12.278   19.642    7.119 1.75
 -11.992   18.481    7.865 1.52
 -11.513   17.552    4.866 1.55
 -10.527   17.023    3.905 1.75
 -11.102   17.028    2.493 1.75
 -10.409   17.393    1.532 1.52
 -10.120   15.598    4.255 1.75
  -9.259   14.961    3.156 1.75
  -9.305   15.530    5.552 1.75
 -12.370   16.687    2.357 1.55
 -12.988   16.715    1.041 1.75
 -12.961   18.131    0.500 1.75
 -12.601   18.358   -0.653 1.52
 -14.436   16.227    1.105 1.75
 -14.441   14.709    1.256 1.75
 -15.202   16.653   -0.148 1.75
 -15.810   14.118    1.392 1.75
 -13.339   19.081    1.352 1.55
 -13.363   20.479    0.964 1.75
 -12.005   20.940    0.462 1.75
 -11.906   21.518   -0.625 1.52
 -13.807   21.362    2.131 1.75
 -13.667   22.858    1.828 1.75
 -14.402   23.759    2.816 1.75
 -14.129   23.675    4.038 1.52
 -15.251   24.562    2.354 1.52
 -10.960   20.678    1.243 1.55
  -9.612   21.089    0.855 1.75
  -9.156   20.435   -0.439 1.75
  -8.564   21.095   -1.303 1.52
  -8.599   20.775    1.957 1.75
  -7.209   21.328    1.654 1.75
  -7.302   22.758    1.115 1.75
  -5.934   23.329    0.735 1.75
  -5.081   23.609    1.927 1.55
  -9.429   19.138   -0.562 1.55
  -9.060   18.387   -1.752 1.75
  -9.651   19.020   -2.988 1.75
  -8.999   19.121   -4.028 1.52
  -9.552   16.940   -1.663 1.75
  -8.597   16.005   -0.965 1.75
  -6.930   16.140   -1.629 1.80
  -7.245   15.959   -3.400 1.75
 -10.902   19.436   -2.868 1.55
 -11.603   20.046   -3.980 1.75
 -10.884   21.296   -4.441 1.75
 -10.744   21.541   -5.645 1.52
 -13.040   20.341   -3.566 1.75
 -13.794   19.054   -3.267 1.75
 -15.226   19.273   -2.866 1.75
 -15.463   19.727   -1.725 1.52
 -16.115   18.985   -3.699 1.52
 -10.413   22.081   -3.479 1.55
  -9.672   23.291   -3.795 1.75
  -8.414   22.890   -4.573 1.75
  -8.190   23.333   -5.710 1.52
  -9.289   24.007   -2.512 1.75
  -7.604   22.039   -3.945 1.55
  -6.356   21.554   -4.527 1.75
  -6.513   20.995   -5.924 1.75
  -5.752   21.338   -6.815 1.52
  -5.739   20.479   -3.632 1.75
  -5.094   20.936   -2.326 1.75
  -4.596   19.729   -1.537 1.75
  -3.951   21.881   -2.657 1.75
  -7.490   20.115   -6.106 1.55
  -7.729   19.499   -7.407 1.75
  -7.981   20.602   -8.423 1.75
  -7.485   20.564   -9.558 1.52
  -8.952   18.579   -7.352 1.75
  -9.110   17.685   -8.579 1.75
 -10.453   16.966   -8.620 1.75
 -10.615   15.976   -9.334 1.52
 -11.423   17.472   -7.863 1.55
  -8.759   21.590   -7.989 1.55
  -9.110   22.734   -8.820 1.75
  -7.837   23.490   -9.179 1.75
  -7.655   23.918  -10.317 1.52
 -10.065   23.646   -8.047 1.75
 -11.178   24.270   -8.878 1.75
 -12.477   24.298   -8.066 1.75
 -12.257   24.774   -6.700 1.55
 -12.968   24.381   -5.645 1.75
 -13.956   23.498   -5.790 1.55
 -12.685   24.862   -4.437 1.55
  -6.947   23.615   -8.201 1.55
  -5.687   24.327   -8.373 1.75
  -4.540   23.565   -9.055 1.75
  -3.776   24.163   -9.812 1.52
  -5.218   24.837   -7.010 1.75
  -3.964   25.692   -7.055 1.75
  -3.704   26.351   -5.695 1.75
  -2.504   27.300   -5.732 1.75
  -2.371   28.088   -4.470 1.55
  -4.406   22.261   -8.790 1.55
  -3.321   21.473   -9.386 1.75
  -3.734   20.224  -10.149 1.75
  -2.875   19.454  -10.586 1.52
  -2.315   21.059   -8.321 1.75
  -1.632   22.210   -7.652 1.75
  -2.179   22.879   -6.581 1.55
  -0.439   22.801   -7.900 1.75
  -1.351   23.833   -6.192 1.75
  -0.289   23.808   -6.975 1.55
  -5.038   20.018  -10.308 1.55
  -5.509   18.848  -11.029 1.75
  -5.280   17.535  -10.301 1.75
  -5.133   17.502   -9.080 1.52
  -5.242   16.446  -11.061 1.55
  -5.040   15.141  -10.464 1.75
  -6.330   14.593   -9.877 1.75
  -7.397   15.215   -9.987 1.52
  -6.237   13.419   -9.263 1.55
  -7.399   12.792   -8.643 1.75
  -6.976   11.868   -7.505 1.75
  -5.789   11.588   -7.315 1.52
  -8.176   12.015   -9.673 1.75
  -7.958   11.410   -6.739 1.55
  -7.690   10.496   -5.643 1.75
  -7.848    9.083   -6.188 1.75
  -8.826    8.781   -6.887 1.52
  -8.680   10.722   -4.507 1.75
  -8.536   12.057   -3.781 1.75
  -9.646   12.182   -2.737 1.75
  -7.154   12.145   -3.123 1.75
  -6.883    8.222   -5.888 1.55
  -6.940    6.842   -6.349 1.75
  -6.674    5.863   -5.214 1.75
  -5.842    6.112   -4.343 1.52
  -5.924    6.604   -7.461 1.75
  -5.975    5.165   -7.912 1.75
  -6.228    7.516   -8.608 1.75
  -7.404    4.756   -5.215 1.55
  -7.231    3.728   -4.187 1.75
  -6.199    2.718   -4.696 1.75
  -6.283    2.269   -5.834 1.52
  -8.574    3.026   -3.919 1.75
  -8.516    1.908   -2.896 1.75
  -8.275    2.411   -1.485 1.75
  -8.325    1.309   -0.533 1.55
  -8.165    1.432    0.781 1.75
  -7.943    2.628    1.309 1.55
  -8.222    0.357    1.563 1.55
  -5.212    2.387   -3.869 1.55
  -4.179    1.421   -4.254 1.75
  -4.603    0.061   -3.702 1.75
  -4.792   -0.089   -2.499 1.52
  -2.822    1.838   -3.671 1.75
  -1.666    1.010   -4.216 1.75
  -0.675    1.556   -4.730 1.52
  -1.778   -0.314   -4.101 1.55
  -4.770   -0.945   -4.576 1.55
  -5.181   -2.289   -4.151 1.75
  -4.324   -2.895   -3.040 1.75
  -4.764   -3.791   -2.329 1.52
  -5.148   -3.095   -5.458 1.75
  -4.170   -2.356   -6.299 1.75
  -4.473   -0.919   -6.018 1.75
  -3.114   -2.373   -2.878 1.55
  -2.215   -2.849   -1.843 1.75
  -2.512   -2.238   -0.466 1.75
  -2.002   -2.724    0.542 1.52
  -0.767   -2.586   -2.257 1.75
  -0.301   -3.403   -3.480 1.75
   0.978   -2.828   -4.053 1.75
  -0.119   -4.859   -3.090 1.75
  -3.323   -1.181   -0.413 1.55
  -3.682   -0.588    0.881 1.75
  -4.521   -1.634    1.623 1.75
  -5.164   -2.464    0.997 1.52
  -4.536    0.681    0.708 1.75
  -3.831    1.748    0.105 1.52
  -4.525   -1.593    2.948 1.55
  -5.310   -2.546    3.718 1.75
  -6.709   -2.005    3.970 1.75
  -6.939   -0.796    3.910 1.52
  -4.618   -2.861    5.050 1.75
  -3.485   -3.871    4.935 1.75
  -2.493   -3.481    3.859 1.75
  -1.396   -4.438    3.768 1.55
  -0.569   -4.709    4.774 1.75
  -0.731   -4.087    5.935 1.55
   0.416   -5.587    4.618 1.55
  -7.648   -2.904    4.252 1.55
  -9.022   -2.496    4.492 1.75
  -9.175   -1.656    5.772 1.75
 -10.182   -0.966    5.947 1.52
  -9.945   -3.730    4.541 1.75
  -9.941   -4.534    3.232 1.75
  -9.874   -3.965    2.126 1.52
 -10.030   -5.864    3.355 1.55
  -8.176   -1.699    6.653 1.55
  -8.222   -0.956    7.915 1.75
  -7.948    0.543    7.769 1.75
  -7.921    1.283    8.753 1.52
  -7.227   -1.562    8.895 1.75
  -5.988   -1.775    8.251 1.52
  -7.746    0.987    6.537 1.55
  -7.491    2.392    6.267 1.75
  -8.267    2.768    5.020 1.75
  -8.330    1.987    4.072 1.52
  -5.976    2.669    6.043 1.75
  -5.781    4.035    5.657 1.52
  -5.409    1.765    4.966 1.75
  -8.875    3.950    5.043 1.55
  -9.646    4.451    3.916 1.75
  -8.718    5.374    3.133 1.75
  -9.160    6.272    2.412 1.52
 -10.854    5.231    4.429 1.75
 -11.908    5.484    3.392 1.75
 -11.640    6.102    2.190 1.55
 -13.238    5.226    3.397 1.75
 -12.760    6.213    1.496 1.75
 -13.743    5.690    2.205 1.55
  -7.420    5.142    3.282 1.55
  -6.412    5.959    2.616 1.75
  -6.495    5.931    1.100 1.75
  -6.678    4.873    0.494 1.52
  -5.017    5.495    3.025 1.75
  -4.579    4.223    2.342 1.75
  -3.252    3.715    2.860 1.75
  -2.775    2.670    2.354 1.52
  -2.689    4.355    3.778 1.52
  -6.345    7.105    0.495 1.55
  -6.336    7.259   -0.962 1.75
  -5.180    8.193   -1.289 1.75
  -4.756    8.981   -0.443 1.52
  -7.653    7.850   -1.458 1.75
  -8.822    6.887   -1.361 1.75
 -10.428    7.555   -1.879 1.80
 -10.298    7.490   -3.704 1.75
  -4.656    8.110   -2.502 1.55
  -3.538    8.965   -2.868 1.75
  -3.856    9.944   -3.965 1.75
  -4.418    9.596   -5.005 1.52
  -2.334    8.135   -3.309 1.75
  -1.679    7.369   -2.199 1.75
  -2.276    6.231   -1.656 1.75
  -0.472    7.805   -1.661 1.75
  -1.688    5.555   -0.604 1.75
   0.127    7.137   -0.608 1.75
  -0.484    6.014   -0.078 1.75
   0.094    5.378    0.999 1.52
  -3.484   11.188   -3.720 1.55
  -3.689   12.222   -4.700 1.75
  -2.498   12.107   -5.637 1.75
  -1.364   12.387   -5.250 1.52
  -3.733   13.586   -4.020 1.75
  -3.981   14.719   -4.964 1.75
  -4.689   14.682   -6.139 1.75
  -3.529   16.065   -4.811 1.75
  -4.699   15.926   -6.725 1.55
  -3.994   16.792   -5.931 1.75
  -2.774   16.730   -3.835 1.75
  -3.724   18.153   -6.104 1.75
  -2.505   18.082   -4.005 1.75
  -2.980   18.780   -5.135 1.75
  -2.768   11.639   -6.854 1.55
  -1.752   11.478   -7.886 1.75
  -2.016   12.516   -8.967 1.75
  -3.169   12.845   -9.254 1.52
  -1.797   10.061   -8.496 1.75
  -1.215    9.058   -7.511 1.75
  -3.233    9.683   -8.841 1.75
  -0.947   13.023   -9.567 1.55
  -1.052   14.071  -10.569 1.75
  -1.621   13.730  -11.954 1.75
  -2.307   14.567  -12.560 1.52
   0.312   14.753  -10.718 1.75
   1.324   13.814  -11.024 1.52
  -1.360   12.528  -12.463 1.55
  -1.860   12.173  -13.786 1.75
  -3.154   11.367  -13.798 1.75
  -3.217   10.289  -14.381 1.52
  -0.797   11.402  -14.560 1.75
   0.574   11.960  -14.352 1.75
   0.741   13.174  -14.246 1.52
   1.574   11.084  -14.301 1.55
  -4.194   11.889  -13.170 1.55
  -5.468   11.185  -13.154 1.75
  -6.561   12.154  -12.753 1.75
  -6.294   13.110  -12.031 1.52
  -5.411   10.019  -12.166 1.75
  -7.784   11.932  -13.223 1.55
  -8.869   12.823  -12.840 1.75
 -10.068   12.042  -12.321 1.75
 -10.104   10.813  -12.382 1.52
  -9.291   13.718  -14.009 1.75
 -10.274   14.660  -13.584 1.52
 -11.043   12.772  -11.791 1.55
 -12.231   12.142  -11.256 1.75
 -12.818   12.961  -10.125 1.75
 -12.094   13.397   -9.223 1.52
 -14.128   13.185  -10.178 1.55
 -14.802   13.939   -9.136 1.75
 -14.432   13.356   -7.775 1.75
 -14.684   12.182   -7.497 1.52
 -16.321   13.894   -9.351 1.75
 -17.109   14.169   -8.067 1.75
 -16.703   14.980   -7.228 1.52
 -18.253   13.498   -7.918 1.55
 -13.824   14.191   -6.940 1.55
 -13.390   13.809   -5.601 1.75
 -14.411   13.041   -4.775 1.75
 -14.165   11.902   -4.382 1.52
 -12.953   15.058   -4.821 1.75
 -11.598   15.513   -5.359 1.75
 -12.913   14.780   -3.317 1.75
 -11.062   16.739   -4.692 1.75
 -15.545   13.679   -4.509 1.55
 -16.624   13.083   -3.720 1.75
 -16.976   11.692   -4.217 1.75
 -17.036   10.726   -3.447 1.52
 -17.890   13.944   -3.790 1.75
 -18.911   13.433   -2.797 1.75
 -17.543   15.401   -3.519 1.75
 -17.228   11.609   -5.517 1.55
 -17.565   10.355   -6.161 1.75
 -16.486    9.321   -5.846 1.75
 -16.786    8.174   -5.493 1.52
 -17.650   10.567   -7.670 1.75
 -17.789    9.336   -8.340 1.52
 -15.229    9.744   -5.965 1.55
 -14.078    8.882   -5.708 1.75
 -14.038    8.296   -4.300 1.75
 -13.745    7.110   -4.119 1.52
 -12.781    9.655   -5.946 1.75
 -12.651   10.011   -7.306 1.52
 -14.324    9.125   -3.305 1.55
 -14.262    8.662   -1.935 1.75
 -15.413    7.726   -1.594 1.75
 -15.216    6.713   -0.909 1.52
 -14.210    9.866   -0.955 1.75
 -14.017    9.388    0.466 1.75
 -13.062   10.770   -1.336 1.75
 -16.606    8.049   -2.080 1.55
 -17.757    7.201   -1.817 1.75
 -17.542    5.798   -2.366 1.75
 -17.880    4.819   -1.704 1.52
 -19.024    7.802   -2.416 1.75
 -19.588    8.913   -1.566 1.75
 -19.453    8.899   -0.338 1.52
 -20.246    9.876   -2.206 1.55
 -16.995    5.713   -3.576 1.55
 -16.697    4.428   -4.198 1.75
 -15.956    3.550   -3.213 1.75
 -16.317    2.401   -2.966 1.52
 -15.781    4.604   -5.396 1.75
 -16.465    4.949   -6.676 1.75
 -15.346    4.605   -8.030 1.80
 -14.450    6.191   -8.108 1.75
 -14.889    4.106   -2.668 1.55
 -14.073    3.384   -1.722 1.75
 -14.845    3.095   -0.452 1.75
 -14.705    2.021    0.133 1.52
 -12.791    4.170   -1.406 1.75
 -12.101    4.533   -2.719 1.75
 -11.857    3.333   -0.533 1.75
 -12.014    3.381   -3.695 1.75
 -15.662    4.050   -0.026 1.55
 -16.452    3.839    1.174 1.75
 -17.372    2.647    0.985 1.75
 -17.422    1.766    1.839 1.52
 -17.265    5.085    1.516 1.75
 -16.405    6.118    1.954 1.52
 -18.094    2.608   -0.130 1.55
 -18.996    1.491   -0.392 1.75
 -18.201    0.207   -0.451 1.75
 -18.611   -0.814    0.117 1.52
 -19.753    1.680   -1.709 1.75
 -21.060    2.405   -1.549 1.75
 -21.873    2.355   -2.833 1.75
 -21.180    2.988   -3.953 1.55
 -20.993    4.302   -4.084 1.75
 -21.455    5.148   -3.164 1.55
 -20.331    4.774   -5.137 1.55
 -17.055    0.258   -1.121 1.55
 -16.224   -0.924   -1.238 1.75
 -15.783   -1.465    0.114 1.75
 -15.929   -2.659    0.397 1.52
 -14.987   -0.639   -2.083 1.75
 -14.135   -1.876   -2.310 1.75
 -12.535   -1.533   -3.067 1.80
 -11.604   -0.963   -1.634 1.75
 -15.240   -0.589    0.953 1.55
 -14.762   -1.017    2.263 1.75
 -15.877   -1.625    3.079 1.75
 -15.651   -2.585    3.823 1.52
 -14.115    0.155    2.994 1.75
 -12.838    0.536    2.245 1.75
 -12.326    1.905    2.659 1.75
 -11.803   -0.537    2.503 1.75
 -17.087   -1.089    2.925 1.55
 -18.240   -1.609    3.655 1.75
 -18.605   -2.983    3.113 1.75
 -18.784   -3.933    3.875 1.52
 -19.459   -0.662    3.537 1.75
 -19.170    0.628    4.309 1.75
 -20.712   -1.342    4.069 1.75
 -20.258    1.681    4.187 1.75
 -18.690   -3.097    1.793 1.55
 -19.025   -4.379    1.197 1.75
 -18.102   -5.472    1.720 1.75
 -18.533   -6.592    2.014 1.52
 -18.907   -4.317   -0.326 1.75
 -19.864   -3.337   -0.942 1.75
 -20.956   -3.106   -0.423 1.52
 -19.474   -2.764   -2.071 1.55
 -16.827   -5.133    1.855 1.55
 -15.842   -6.095    2.313 1.75
 -15.982   -6.555    3.768 1.75
 -15.305   -7.491    4.194 1.52
 -14.442   -5.540    2.058 1.75
 -14.123   -5.386    0.581 1.75
 -12.639   -5.155    0.364 1.75
 -12.322   -4.951   -1.045 1.55
 -11.092   -4.839   -1.526 1.75
 -10.051   -4.912   -0.712 1.55
 -10.907   -4.657   -2.823 1.55
 -16.852   -5.904    4.532 1.55
 -17.055   -6.314    5.919 1.75
 -17.659   -7.706    5.911 1.75
 -17.339   -8.549    6.737 1.52
 -18.016   -5.370    6.632 1.75
 -17.370   -4.145    7.190 1.75
 -16.283   -4.250    8.053 1.75
 -17.884   -2.889    6.900 1.75
 -15.721   -3.120    8.625 1.75
 -17.335   -1.755    7.462 1.75
 -16.252   -1.867    8.327 1.75
 -18.543   -7.928    4.957 1.55
 -19.217   -9.208    4.812 1.75
 -18.637   -9.963    3.623 1.75
 -19.106   -9.795    2.494 1.52
 -20.729   -8.994    4.583 1.75
 -20.929   -8.100    3.468 1.52
 -21.368   -8.396    5.831 1.75
 -17.622  -10.789    3.866 1.55
 -17.029  -11.535    2.770 1.75
 -16.868  -13.047    2.901 1.75
 -16.443  -13.572    3.929 1.52
 -15.676  -10.934    2.379 1.75
 -15.767   -9.876    1.284 1.75
 -14.233   -9.703    0.346 1.80
 -13.400   -8.581    1.376 1.75
 -17.233  -13.726    1.818 1.55
 -17.130  -15.174    1.670 1.75
 -15.811  -15.246    0.897 1.75
 -15.665  -14.567   -0.110 1.52
 -18.317  -15.661    0.820 1.75
 -18.499  -17.159    0.656 1.75
 -19.961  -17.468    0.320 1.75
 -20.138  -18.837   -0.160 1.55
 -21.134  -19.642    0.212 1.75
 -22.053  -19.228    1.081 1.55
 -21.222  -20.868   -0.300 1.55
 -14.848  -16.035    1.356 1.55
 -13.541  -16.087    0.680 1.75
 -12.851  -14.768    1.042 1.75
 -13.116  -13.734    0.434 1.52
 -13.698  -16.163   -0.839 1.75
 -14.511  -17.323   -1.306 1.75
 -13.984  -18.587   -1.459 1.55
 -15.814  -17.411   -1.662 1.75
 -14.929  -19.404   -1.892 1.75
 -16.049  -18.715   -2.023 1.55
 -11.978  -14.813    2.041 1.55
 -11.288  -13.623    2.513 1.75
  -9.802  -13.651    2.208 1.75
  -9.026  -12.932    2.831 1.52
 -11.503  -13.494    4.021 1.75
 -12.959  -13.279    4.399 1.75
 -13.231  -13.523    5.881 1.75
 -14.703  -13.237    6.227 1.75
 -15.313  -14.258    7.137 1.55
  -9.409  -14.467    1.240 1.55
  -7.999  -14.597    0.889 1.75
  -7.419  -13.306    0.346 1.75
  -8.153  -12.440   -0.131 1.52
  -7.813  -15.691   -0.160 1.75
  -8.586  -16.959    0.141 1.75
  -8.323  -18.037   -0.898 1.75
  -7.032  -18.796   -0.618 1.75
  -6.860  -19.880   -1.621 1.55
  -6.096  -13.190    0.435 1.55
  -5.368  -12.038   -0.079 1.75
  -4.599  -12.578   -1.271 1.75
  -4.093  -13.697   -1.231 1.52
  -4.405  -11.501    0.965 1.75
  -4.537  -11.806   -2.343 1.55
  -3.805  -12.240   -3.520 1.75
  -2.415  -11.664   -3.386 1.75
  -2.254  -10.481   -3.081 1.52
  -4.453  -11.720   -4.802 1.75
  -5.811  -12.176   -4.861 1.52
  -3.706  -12.236   -6.021 1.75
  -1.408  -12.502   -3.589 1.55
  -0.034  -12.054   -3.459 1.75
   0.664  -11.886   -4.789 1.75
   0.250  -12.437   -5.805 1.52
   0.771  -13.038   -2.609 1.75
   0.637  -12.852   -1.115 1.75
  -0.532  -13.199   -0.443 1.75
   1.687  -12.319   -0.370 1.75
  -0.650  -13.021    0.934 1.75
   1.578  -12.138    1.009 1.75
   0.409  -12.490    1.650 1.75
   0.309  -12.300    3.011 1.52
   1.739  -11.117   -4.760 1.55
   2.552  -10.866   -5.934 1.75
   4.002  -10.747   -5.477 1.75
   4.275  -10.280   -4.371 1.52
   2.118   -9.573   -6.619 1.75
   1.828   -8.454   -5.661 1.75
   1.901   -7.099   -6.321 1.75
   2.992   -6.486   -6.296 1.52
   0.871   -6.654   -6.874 1.52
   4.950  -11.166   -6.326 1.55
   6.376  -11.101   -5.988 1.75
   6.759   -9.677   -5.603 1.75
   6.169   -8.713   -6.091 1.52
   7.065  -11.530   -7.284 1.75
   6.017  -12.347   -7.992 1.75
   4.763  -11.559   -7.732 1.75
   7.750   -9.538   -4.735 1.55
   8.174   -8.211   -4.337 1.75
   8.974   -7.571   -5.474 1.75
   9.363   -8.237   -6.430 1.52
   9.007   -8.290   -3.058 1.75
   9.329   -6.926   -2.488 1.75
   8.602   -5.963   -2.807 1.52
  10.301   -6.815   -1.715 1.52
   9.200   -6.269   -5.381 1.55
   9.954   -5.569   -6.406 1.75
  11.440   -5.886   -6.254 1.75
  11.914   -6.118   -5.143 1.52
   9.783   -4.047   -6.266 1.75
  10.256   -3.353   -7.532 1.75
   8.337   -3.719   -5.970 1.75
  12.167   -5.913   -7.369 1.55
  13.612   -6.137   -7.333 1.75
  14.206   -4.799   -7.740 1.75
  14.020   -4.359   -8.869 1.52
  14.052   -7.189   -8.336 1.75
  15.494   -7.569   -8.154 1.75
  16.301   -6.678   -7.837 1.52
  15.831   -8.755   -8.320 1.52
  14.927   -4.159   -6.829 1.55
  15.489   -2.842   -7.102 1.75
  16.901   -2.808   -7.707 1.75
  17.554   -1.758   -7.714 1.52
  15.445   -2.003   -5.821 1.75
  14.074   -1.856   -5.150 1.75
  14.197   -0.960   -3.935 1.75
  13.066   -1.268   -6.131 1.75
  17.368   -3.936   -8.224 1.55
  18.691   -3.948   -8.820 1.75
  19.807   -3.769   -7.810 1.75
  19.624   -4.067   -6.627 1.52
  20.956   -3.256   -8.249 1.55
  22.076   -3.105   -7.329 1.75
  23.223   -2.193   -7.747 1.75
  24.226   -2.100   -7.030 1.52
  22.670   -4.474   -7.056 1.75
  23.237   -4.979   -8.252 1.52
  23.110   -1.524   -8.884 1.55
  24.219   -0.683   -9.301 1.75
  24.195    0.772   -8.876 1.75
  23.521    1.168   -7.931 1.52
  24.970    1.562   -9.604 1.55
  25.078    2.993   -9.396 1.75
  24.782    3.553  -10.777 1.75
  25.180    2.952  -11.774 1.52
  26.508    3.377   -8.996 1.75
  27.432    2.722   -9.875 1.52
  26.796    2.965   -7.560 1.75
  24.081    4.677  -10.852 1.55
  23.768    5.261  -12.157 1.75
  24.697    6.413  -12.516 1.75
  25.093    7.191  -11.651 1.52
  22.323    5.753  -12.188 1.75
  21.300    4.670  -11.971 1.75
  19.907    5.256  -11.930 1.75
  19.604    6.039  -13.117 1.55
  18.466    6.699  -13.289 1.75
  17.533    6.665  -12.345 1.55
  18.256    7.387  -14.405 1.55
  25.019    6.539  -13.799 1.55
  25.913    7.604  -14.255 1.75
  25.224    8.845  -14.807 1.75
  25.883    9.857  -15.072 1.52
  26.866    7.047  -15.296 1.75
  27.550    5.799  -14.816 1.75
  28.328    5.838  -13.862 1.52
  27.244    4.667  -15.453 1.55
  23.909    8.770  -14.986 1.55
  23.134    9.905  -15.483 1.75
  23.645   10.358  -16.849 1.75
  24.247    9.570  -17.581 1.52
  23.234   11.104  -14.521 1.75
  23.380   10.613  -13.077 1.75
  21.993   11.971  -14.654 1.75
  23.733   11.713  -12.093 1.75
  23.399   11.630  -17.177 1.55
  23.821   12.246  -18.441 1.75
  23.169   11.626  -19.692 1.75
  23.823   10.889  -20.437 1.52
  21.889   11.943  -19.915 1.55
  21.096   11.448  -21.057 1.75
  21.851   10.677  -22.155 1.75
  21.722    9.449  -22.263 1.52
  20.323   12.617  -21.692 1.75
  22.616   11.407  -22.970 1.55
  23.406   10.842  -24.078 1.75
  22.546   10.228  -25.188 1.75
  23.026    9.262  -25.836 1.52
  24.388    9.793  -23.553 1.75
