  31.521  -15.404  -65.036 1.55
  32.309  -14.465  -65.812 1.75
  31.481  -13.317  -66.362 1.75
  32.039  -12.342  -66.867 1.52
  33.057  -15.181  -66.949 1.75
  33.931  -14.201  -67.799 1.75
  34.406  -14.861  -69.113 1.75
  33.603  -14.950  -70.080 1.52
  35.598  -15.268  -69.092 1.52
  30.161  -13.411  -66.279 1.55
  29.267  -12.389  -66.794 1.75
  29.312  -11.092  -66.004 1.75
  29.190  -11.088  -64.775 1.52
  27.831  -12.928  -66.871 1.75
  26.976  -12.305  -67.953 1.75
  26.942  -13.154  -69.213 1.75
  27.742  -12.586  -70.292 1.55
  28.898  -13.041  -70.734 1.75
  29.373  -14.215  -70.345 1.55
  29.629  -12.304  -71.578 1.55
  29.458   -9.969  -66.706 1.55
  29.412   -8.647  -66.030 1.75
  27.914   -8.223  -65.983 1.75
  27.352   -8.021  -67.063 1.52
  30.132   -7.604  -66.913 1.75
  30.326   -6.283  -66.212 1.75
  29.759   -6.065  -65.108 1.52
  31.088   -5.432  -66.719 1.52
  27.369   -8.102  -64.795 1.55
  25.981   -7.729  -64.562 1.75
  25.796   -6.327  -64.059 1.75
  24.724   -5.951  -63.566 1.52
  25.282   -8.747  -63.652 1.75
  25.218  -10.409  -64.375 1.80
  26.830   -5.475  -64.158 1.55
  26.721   -4.092  -63.754 1.75
  25.926   -3.327  -64.832 1.75
  26.200   -3.502  -66.005 1.52
  28.097   -3.462  -63.565 1.75
  28.927   -4.175  -62.489 1.75
  30.342   -3.623  -62.437 1.75
  31.026   -3.866  -63.706 1.55
  32.309   -3.664  -63.949 1.75
  32.995   -2.802  -63.225 1.55
  32.900   -4.322  -64.946 1.55
  24.967   -2.555  -64.367 1.55
  24.028   -1.841  -65.253 1.75
  24.806   -0.948  -66.203 1.75
  24.457   -0.732  -67.356 1.52
  23.061   -0.958  -64.419 1.75
  22.212   -0.093  -65.306 1.75
  22.176   -1.871  -63.547 1.75
  25.918   -0.421  -65.686 1.55
  26.743    0.461  -66.517 1.75
  27.397   -0.293  -67.658 1.75
  27.877    0.327  -68.624 1.52
  27.841    1.058  -65.577 1.75
  28.634   -0.034  -65.100 1.52
  27.411   -1.618  -67.587 1.55
  28.055   -2.452  -68.567 1.75
  27.152   -2.876  -69.709 1.75
  27.640   -3.413  -70.720 1.52
  28.708   -3.691  -67.939 1.75
  25.850   -2.668  -69.555 1.55
  24.885   -3.135  -70.540 1.75
  24.920   -2.283  -71.819 1.75
  24.888   -1.054  -71.763 1.52
  23.465   -3.051  -69.953 1.75
  23.220   -4.034  -68.814 1.75
  23.980   -5.176  -68.698 1.75
  22.246   -3.770  -67.877 1.75
  23.725   -6.079  -67.677 1.75
  21.960   -4.679  -66.880 1.75
  22.728   -5.823  -66.778 1.75
  24.903   -2.975  -72.943 1.55
  24.856   -2.317  -74.238 1.75
  23.407   -1.988  -74.598 1.75
  22.489   -2.721  -74.259 1.52
  25.467   -3.178  -75.331 1.75
  27.001   -3.234  -75.300 1.75
  27.442   -4.219  -76.411 1.75
  28.190   -5.336  -75.829 1.55
  29.342   -5.135  -75.175 1.75
  30.065   -4.050  -75.421 1.55
  29.741   -6.018  -74.274 1.55
  23.251   -0.864  -75.268 1.55
  21.943   -0.356  -75.675 1.75
  21.941   -0.093  -77.186 1.75
  22.996   -0.201  -77.813 1.52
  21.560    0.911  -74.914 1.75
  21.382    0.621  -73.424 1.75
  22.610    1.998  -75.131 1.75
  20.774    0.157  -77.755 1.55
  20.655    0.291  -79.211 1.75
  21.456    1.508  -79.710 1.75
  21.206    2.625  -79.291 1.52
  19.226    0.393  -79.647 1.75
  18.988    0.624  -81.133 1.75
  19.244   -0.613  -81.932 1.75
  19.088   -0.327  -83.427 1.75
  19.179   -1.578  -84.211 1.55
  22.357    1.207  -80.646 1.55
  23.193    2.251  -81.288 1.75
  22.299    3.136  -82.178 1.75
  21.433    2.615  -82.892 1.52
  24.146    1.469  -82.252 1.75
  23.416    0.252  -82.856 1.75
  23.893   -1.046  -82.232 1.75
  24.994   -1.516  -82.618 1.52
  23.176   -1.592  -81.361 1.52
  22.542    4.426  -82.164 1.55
  21.798    5.379  -82.970 1.75
  20.299    5.139  -82.941 1.75
  19.629    5.117  -83.981 1.52
  22.288    5.279  -84.438 1.75
  23.800    5.360  -84.511 1.75
  24.407    6.147  -83.785 1.52
  24.389    4.549  -85.373 1.55
  19.738    4.961  -81.741 1.55
  18.302    4.732  -81.628 1.75
  17.489    5.823  -82.313 1.75
  17.721    7.003  -82.063 1.52
  17.912    4.644  -80.134 1.75
  16.407    4.442  -79.950 1.75
  15.832    3.218  -80.217 1.75
  15.618    5.475  -79.478 1.75
  14.476    3.013  -80.009 1.75
  14.244    5.300  -79.341 1.75
  13.674    4.087  -79.648 1.75
  16.533    5.419  -83.107 1.55
  15.672    6.303  -83.906 1.75
  14.241    6.329  -83.394 1.75
  13.446    5.420  -83.585 1.52
  15.732    5.806  -85.341 1.75
  15.083    6.700  -86.366 1.75
  14.091    7.368  -86.081 1.52
  15.531    6.613  -87.544 1.52
  13.889    7.431  -82.697 1.55
  12.575    7.584  -82.134 1.75
  11.458    7.450  -83.108 1.75
  10.396    6.891  -82.824 1.52
  12.460    8.884  -81.344 1.75
  13.362    8.971  -80.133 1.75
  13.299   10.322  -79.473 1.75
  14.069   11.383  -80.205 1.75
  14.161   12.657  -79.433 1.55
  11.606    8.049  -84.320 1.55
  10.472    7.934  -85.255 1.75
  10.230    6.515  -85.722 1.75
   9.045    6.096  -85.840 1.52
  10.761    8.841  -86.469 1.75
  11.255    5.763  -86.031 1.55
  11.170    4.405  -86.493 1.75
  10.565    3.496  -85.392 1.75
   9.953    2.486  -85.695 1.52
  12.512    3.843  -86.899 1.75
  13.060    4.214  -88.240 1.75
  14.355    3.501  -88.557 1.75
  14.132    2.061  -88.822 1.55
  15.171    1.298  -89.190 1.75
  16.376    1.817  -89.109 1.55
  14.964    0.079  -89.649 1.55
  10.750    3.910  -84.137 1.55
  10.206    3.092  -83.020 1.75
   8.765    3.387  -82.756 1.75
   8.056    2.686  -82.006 1.52
  11.056    3.435  -81.768 1.75
  10.909    2.443  -80.636 1.75
  11.544    1.201  -80.740 1.75
  10.219    2.778  -79.498 1.75
  11.428    0.299  -79.684 1.75
  10.005    1.847  -78.498 1.75
  10.588    0.603  -78.627 1.75
   8.222    4.471  -83.362 1.55
   6.860    4.859  -83.117 1.75
   5.859    3.823  -83.585 1.75
   6.133    2.956  -84.402 1.52
   6.546    6.224  -83.811 1.75
   4.650    3.926  -83.023 1.55
   3.558    3.081  -83.300 1.75
   3.245    2.117  -82.130 1.75
   3.694    2.355  -81.030 1.52
   2.516    1.107  -82.475 1.55
   1.983    0.089  -81.604 1.75
   2.944   -1.032  -81.332 1.75
   3.574   -1.612  -82.205 1.52
   0.630   -0.406  -82.108 1.75
  -0.310    0.701  -82.104 1.52
   0.054   -1.424  -81.110 1.75
   3.116   -1.337  -80.026 1.55
   3.960   -2.477  -79.647 1.75
   3.116   -3.302  -78.602 1.75
   2.570   -2.685  -77.692 1.52
   5.218   -1.987  -78.957 1.75
   6.286   -1.425  -79.826 1.75
   6.502   -0.070  -80.021 1.75
   7.253   -2.097  -80.604 1.75
   7.575    0.096  -80.857 1.55
   8.059   -1.109  -81.245 1.75
   7.558   -3.442  -80.846 1.75
   9.099   -1.468  -82.077 1.75
   8.600   -3.775  -81.655 1.75
   9.376   -2.793  -82.263 1.75
   3.087   -4.567  -78.812 1.55
   2.404   -5.549  -77.930 1.75
   3.466   -6.196  -77.025 1.75
   4.449   -6.725  -77.492 1.52
   1.860   -6.677  -78.833 1.75
   0.765   -6.116  -79.737 1.75
  -0.524   -5.994  -79.272 1.75
   1.099   -5.725  -81.004 1.75
  -1.497   -5.448  -80.129 1.75
   0.139   -5.201  -81.857 1.75
  -1.152   -5.067  -81.386 1.75
  -2.112   -4.534  -82.255 1.52
   3.194   -6.100  -75.706 1.55
   4.221   -6.725  -74.811 1.75
   3.965   -8.240  -74.870 1.75
   2.817   -8.649  -74.724 1.52
   3.964   -6.202  -73.404 1.75
   5.018   -8.983  -75.105 1.55
   4.964  -10.434  -75.261 1.75
   5.455  -11.142  -73.991 1.75
   5.072  -12.298  -73.741 1.52
   5.876  -10.869  -76.408 1.75
   5.424  -10.465  -77.788 1.75
   3.947  -11.371  -78.327 1.80
   2.713  -10.172  -77.815 1.75
   6.370  -10.511  -73.280 1.55
   6.936  -11.151  -72.072 1.75
   7.475  -10.007  -71.199 1.75
   7.784   -8.934  -71.686 1.52
   8.196  -11.961  -72.484 1.75
   7.606  -10.331  -69.908 1.55
   8.115   -9.306  -69.007 1.75
   8.850  -10.000  -67.822 1.75
   8.527  -11.121  -67.492 1.52
   6.977   -8.468  -68.439 1.75
   5.919   -9.202  -67.703 1.75
   5.075   -8.320  -66.789 1.75
   3.961   -9.187  -66.175 1.75
   3.634   -8.814  -64.795 1.55
   9.779   -9.255  -67.303 1.55
  10.515   -9.522  -66.067 1.75
   9.967   -8.525  -65.037 1.75
  10.029   -7.307  -65.288 1.52
  11.999   -9.396  -66.255 1.75
  12.806   -9.932  -65.022 1.75
  13.001   -8.779  -64.043 1.75
  13.646   -9.237  -62.745 1.75
  13.471   -8.220  -61.665 1.55
   9.350   -9.005  -63.967 1.55
   8.700   -8.158  -63.001 1.75
   9.650   -7.490  -62.051 1.75
  10.593   -8.101  -61.583 1.52
   7.697   -8.967  -62.160 1.75
   6.431   -9.342  -62.886 1.75
   5.877   -8.508  -63.614 1.52
   5.981  -10.500  -62.722 1.52
   9.308   -6.257  -61.654 1.55
  10.143   -5.665  -60.554 1.75
   9.433   -6.026  -59.232 1.75
   8.443   -6.743  -59.275 1.52
   9.931   -4.173  -60.805 1.75
   8.537   -4.079  -61.323 1.75
   8.292   -5.326  -62.099 1.75
   9.893   -5.407  -58.161 1.55
   9.174   -5.583  -56.873 1.75
   7.937   -4.723  -56.879 1.75
   7.907   -3.651  -57.506 1.52
  10.090   -5.171  -55.754 1.75
  11.356   -5.928  -55.630 1.75
  11.274   -7.344  -55.161 1.75
  10.162   -7.907  -55.080 1.52
  12.326   -7.953  -54.865 1.52
   6.880   -5.161  -56.188 1.55
   5.737   -4.318  -56.006 1.75
   4.674   -4.385  -57.052 1.75
   4.680   -5.309  -57.860 1.52
   3.770   -3.414  -57.018 1.55
   2.644   -3.291  -57.913 1.75
   3.113   -2.996  -59.352 1.75
   3.952   -2.133  -59.573 1.52
   1.761   -2.100  -57.470 1.75
   0.281   -2.193  -57.821 1.75
  -0.054   -3.512  -58.512 1.75
  -0.584   -2.016  -56.576 1.75
   2.530   -3.713  -60.301 1.55
   2.953   -3.538  -61.704 1.75
   1.852   -4.004  -62.662 1.75
   0.867   -4.636  -62.318 1.52
   4.207   -4.344  -61.945 1.75
   5.137   -3.923  -63.060 1.75
   5.670   -2.660  -63.098 1.75
   5.464   -4.829  -64.072 1.75
   6.518   -2.252  -64.095 1.75
   6.331   -4.430  -65.090 1.75
   6.836   -3.151  -65.098 1.75
   2.063   -3.651  -63.929 1.55
   1.151   -4.141  -64.984 1.75
   1.307   -5.666  -65.078 1.75
   2.393   -6.215  -65.063 1.52
   1.690   -3.556  -66.308 1.75
   1.425   -2.053  -66.492 1.75
   2.065   -1.617  -67.803 1.75
  -0.068   -1.761  -66.477 1.75
   0.181   -6.352  -65.190 1.55
   0.162   -7.790  -65.221 1.75
   0.113   -8.373  -66.614 1.75
   0.991   -9.155  -66.976 1.52
  -0.894   -8.371  -64.304 1.75
  -0.540   -8.235  -62.803 1.75
   0.870   -8.644  -62.486 1.75
   1.529   -8.077  -61.591 1.52
   1.411   -9.616  -63.200 1.55
  -0.942   -8.041  -67.383 1.55
  -1.055   -8.610  -68.723 1.75
  -1.959   -7.713  -69.596 1.75
  -2.314   -6.638  -69.139 1.52
  -1.627  -10.033  -68.701 1.75
  -2.943  -10.079  -67.944 1.75
  -3.678   -9.071  -67.972 1.52
  -3.197  -11.093  -67.261 1.52
  -2.198   -8.157  -70.808 1.55
  -2.961   -7.393  -71.801 1.75
  -2.291   -6.027  -72.035 1.75
  -2.956   -5.016  -72.122 1.52
  -4.389   -7.174  -71.259 1.75
  -5.225   -8.426  -71.511 1.75
  -5.631   -8.683  -72.639 1.52
  -5.406   -9.195  -70.448 1.55
  -0.960   -6.045  -72.102 1.55
  -0.159   -4.847  -72.169 1.75
   0.203   -4.456  -73.608 1.75
   0.818   -5.218  -74.311 1.52
   1.094   -4.907  -71.304 1.75
   0.795   -5.123  -69.795 1.75
   1.951   -3.660  -71.438 1.75
   1.978   -5.785  -69.114 1.75
  -0.285   -3.281  -73.961 1.55
  -0.111   -2.680  -75.287 1.75
   0.277   -1.207  -75.116 1.75
  -0.309   -0.468  -74.360 1.52
  -1.433   -2.715  -76.084 1.75
  -1.054   -2.243  -77.545 1.75
  -1.940   -4.143  -76.217 1.75
   1.370   -0.838  -75.812 1.55
   1.855    0.552  -75.658 1.75
   1.873    1.190  -77.086 1.75
   2.139    0.481  -78.029 1.52
   3.341    0.455  -75.243 1.75
   1.598    2.485  -77.101 1.55
   1.665    3.157  -78.459 1.75
   2.619    4.347  -78.262 1.75
   2.371    5.156  -77.380 1.52
   0.318    3.603  -78.866 1.75
   0.269    4.499  -80.120 1.75
  -1.245    4.659  -80.455 1.75
  -1.952    3.570  -80.179 1.52
  -1.681    5.721  -80.819 1.52
   3.700    4.330  -79.006 1.55
   4.692    5.393  -78.866 1.75
   4.503    6.450  -79.944 1.75
   4.117    6.153  -81.071 1.52
   6.083    4.796  -78.961 1.75
   6.562    4.010  -77.766 1.75
   6.062    2.755  -77.463 1.75
   7.556    4.538  -76.947 1.75
   6.549    2.049  -76.363 1.75
   8.026    3.851  -75.873 1.75
   7.513    2.593  -75.577 1.75
   4.773    7.688  -79.602 1.55
   4.669    8.731  -80.666 1.75
   5.752    9.779  -80.427 1.75
   6.270    9.932  -79.348 1.52
   3.293    9.372  -80.615 1.75
   6.060   10.493  -81.516 1.55
   7.078   11.531  -81.482 1.75
   6.466   12.821  -82.097 1.75
   5.916   12.709  -83.186 1.52
   8.260   11.115  -82.405 1.75
   9.378   12.148  -82.286 1.75
   8.770    9.756  -81.858 1.75
   6.511   13.877  -81.342 1.55
   5.967   15.170  -81.768 1.75
   6.921   15.907  -82.685 1.75
   8.019   15.456  -83.010 1.52
   5.486   16.002  -80.620 1.75
   6.503   16.648  -79.742 1.75
   7.686   16.771  -80.108 1.52
   6.149   17.024  -78.597 1.52
   6.503   17.109  -83.104 1.55
   7.268   17.925  -84.017 1.75
   8.676   18.226  -83.548 1.75
   9.617   18.281  -84.349 1.52
   6.518   19.262  -84.277 1.75
   7.052   19.950  -85.549 1.75
   6.106   19.770  -86.717 1.75
   6.025   18.639  -87.248 1.52
   5.435   20.760  -87.100 1.52
   8.813   18.459  -82.249 1.55
  10.042   18.785  -81.596 1.75
  10.885   17.595  -81.217 1.75
  11.960   17.721  -80.639 1.52
   9.789   19.735  -80.433 1.75
   9.347   21.098  -81.024 1.75
   8.268   21.562  -80.728 1.52
  10.199   21.609  -81.907 1.55
  10.410   16.401  -81.606 1.55
  11.182   15.195  -81.381 1.75
  10.966   14.631  -79.990 1.75
  11.719   13.742  -79.585 1.52
   9.983   15.154  -79.265 1.55
   9.728   14.652  -77.906 1.75
   8.904   13.381  -77.980 1.75
   7.855   13.347  -78.623 1.52
   9.102   15.695  -77.012 1.75
  10.025   16.879  -76.806 1.75
   9.585   18.177  -76.846 1.55
  11.359   16.931  -76.625 1.75
  10.605   18.993  -76.658 1.75
  11.704   18.272  -76.514 1.55
   9.444   12.313  -77.371 1.55
   8.742   11.015  -77.447 1.75
   7.842   10.841  -76.220 1.75
   8.156   11.291  -75.133 1.52
   9.741    9.882  -77.541 1.75
   9.143    8.497  -77.764 1.75
  10.428    7.253  -78.068 1.80
  11.038    7.006  -76.394 1.75
   6.667   10.280  -76.447 1.55
   5.717    9.978  -75.409 1.75
   5.069    8.648  -75.723 1.75
   5.181    8.101  -76.836 1.52
   4.646   11.064  -75.214 1.75
   3.816   11.106  -76.370 1.52
   4.372    8.113  -74.732 1.55
   3.686    6.851  -74.990 1.75
   2.416    6.776  -74.151 1.75
   2.333    7.371  -73.089 1.52
   4.596    5.679  -74.655 1.75
   1.492    5.978  -74.629 1.55
   0.355    5.529  -73.848 1.75
   0.521    4.010  -73.679 1.75
   1.095    3.307  -74.525 1.52
  -0.988    5.846  -74.457 1.75
  -1.098    5.380  -75.792 1.52
  -1.414    7.275  -74.395 1.75
  -0.007    3.479  -72.597 1.55
   0.088    2.007  -72.429 1.75
  -1.194    1.611  -71.653 1.75
  -1.628    2.349  -70.771 1.52
   1.300    1.667  -71.592 1.75
  -1.729    0.481  -72.016 1.55
  -2.925   -0.026  -71.282 1.75
  -2.495   -1.398  -70.746 1.75
  -1.642   -2.035  -71.351 1.52
  -4.051   -0.216  -72.293 1.75
  -5.165    0.812  -72.151 1.75
  -5.899    0.617  -70.815 1.75
  -7.405    0.560  -71.074 1.75
  -7.677    0.381  -72.552 1.55
  -3.086   -1.793  -69.635 1.55
  -2.745   -3.170  -69.161 1.75
  -3.634   -3.461  -67.952 1.75
  -4.152   -2.524  -67.362 1.52
  -3.737   -4.723  -67.604 1.55
  -4.516   -5.056  -66.382 1.75
  -3.573   -4.963  -65.180 1.75
  -2.434   -5.448  -65.260 1.52
  -4.997   -6.529  -66.499 1.75
  -5.847   -6.922  -65.279 1.75
  -6.271   -8.348  -65.297 1.75
  -5.142   -9.288  -65.441 1.55
  -4.433   -9.721  -64.389 1.75
  -4.733   -9.278  -63.177 1.55
  -3.434  -10.562  -64.562 1.55
  -4.044   -4.339  -64.120 1.55
  -3.293   -4.272  -62.863 1.75
  -4.160   -4.819  -61.738 1.75
  -5.365   -4.554  -61.670 1.52
  -2.913   -2.803  -62.525 1.75
  -1.847   -2.823  -61.404 1.75
  -2.386   -2.104  -63.753 1.75
  -3.556   -5.618  -60.852 1.55
  -4.357   -6.066  -59.700 1.75
  -3.988   -5.228  -58.489 1.75
  -2.818   -5.175  -58.114 1.52
  -4.317   -7.530  -59.418 1.75
  -5.195   -7.929  -58.196 1.75
  -5.333   -9.437  -58.104 1.75
  -6.418   -9.960  -58.888 1.55
  -6.538  -11.176  -59.382 1.75
  -5.862  -12.199  -58.882 1.55
  -7.369  -11.381  -60.395 1.55
  -4.975   -4.513  -57.949 1.55
  -4.706   -3.599  -56.843 1.75
  -4.405   -4.367  -55.545 1.75
  -4.659   -5.571  -55.472 1.52
  -5.820   -2.597  -56.649 1.75
  -6.001   -1.469  -57.644 1.75
  -6.695   -0.268  -57.022 1.75
  -4.736   -1.093  -58.358 1.75
  -3.865   -3.651  -54.578 1.55
  -3.507   -4.133  -53.257 1.75
  -4.770   -4.697  -52.555 1.75
  -4.629   -5.442  -51.586 1.52
  -2.969   -2.962  -52.417 1.75
  -2.162   -3.353  -51.172 1.75
  -2.618   -2.523  -49.969 1.75
  -2.349   -4.837  -50.868 1.75
  -5.903   -4.335  -53.084 1.55
  -7.240   -4.698  -52.707 1.75
  -7.655   -6.032  -53.338 1.75
  -8.593   -6.680  -52.905 1.52
  -8.217   -3.619  -53.285 1.75
  -9.581   -3.754  -52.650 1.75
  -9.755   -4.566  -51.733 1.52
 -10.556   -2.982  -53.121 1.55
  -6.958   -6.389  -54.414 1.55
  -7.333   -7.597  -55.161 1.75
  -8.337   -7.162  -56.278 1.75
  -8.851   -8.013  -56.986 1.52
  -8.094   -8.552  -54.213 1.75
  -7.726   -9.999  -54.570 1.75
  -8.421  -10.624  -55.357 1.52
  -6.590  -10.431  -54.049 1.55
  -8.530   -5.874  -56.325 1.55
  -9.370   -5.142  -57.283 1.75
  -8.642   -5.146  -58.648 1.75
  -7.541   -4.588  -58.735 1.52
  -9.465   -3.691  -56.783 1.75
 -10.400   -2.776  -57.472 1.75
 -10.041   -1.703  -58.268 1.75
 -11.835   -2.767  -57.441 1.75
 -11.161   -1.065  -58.734 1.55
 -12.274   -1.693  -58.248 1.75
 -12.796   -3.577  -56.816 1.75
 -13.625   -1.404  -58.442 1.75
 -14.132   -3.290  -57.012 1.75
 -14.535   -2.211  -57.816 1.75
  -9.232   -5.783  -59.629 1.55
  -8.660   -5.831  -60.984 1.75
  -9.107   -4.616  -61.790 1.75
 -10.292   -4.274  -61.869 1.52
  -9.074   -7.107  -61.691 1.75
  -8.053   -8.209  -61.689 1.75
  -6.875   -7.971  -61.370 1.52
  -8.426   -9.356  -62.033 1.52
  -8.140   -3.911  -62.379 1.55
  -8.486   -2.728  -63.163 1.75
  -7.662   -2.670  -64.449 1.75
  -6.571   -3.234  -64.523 1.52
  -8.331   -1.435  -62.388 1.75
  -9.218   -1.385  -61.162 1.75
  -6.895   -1.142  -62.028 1.75
  -8.203   -1.980  -65.430 1.55
  -7.509   -1.720  -66.697 1.75
  -6.885   -0.332  -66.594 1.75
  -7.575    0.687  -66.507 1.52
  -8.516   -1.800  -67.853 1.75
  -8.923   -3.536  -68.261 1.80
  -5.571   -0.297  -66.410 1.55
  -4.888    0.965  -66.211 1.75
  -4.609    1.617  -67.596 1.75
  -4.194    0.934  -68.517 1.52
  -3.571    0.773  -65.494 1.75
  -4.894    2.893  -67.646 1.55
  -4.569    3.729  -68.791 1.75
  -3.446    4.675  -68.375 1.75
  -3.594    5.569  -67.534 1.52
  -5.770    4.480  -69.337 1.75
  -6.161    3.934  -70.713 1.75
  -6.863    2.905  -70.740 1.52
  -5.640    4.458  -71.713 1.52
  -2.264    4.376  -68.899 1.55
  -1.071    5.048  -68.535 1.75
  -0.538    5.975  -69.643 1.75
  -0.775    5.735  -70.824 1.52
   0.019    4.082  -68.069 1.75
  -0.486    3.025  -67.083 1.75
  -0.844    3.688  -65.463 1.80
   0.670    4.382  -64.930 1.75
   0.175    6.980  -69.203 1.55
   0.852    7.950  -70.001 1.75
   2.287    8.112  -69.533 1.75
   2.604    8.215  -68.354 1.52
   0.190    9.336  -70.045 1.75
   0.737   10.156  -71.188 1.75
  -1.308    9.271  -70.070 1.75
   3.192    8.206  -70.519 1.55
   4.564    8.482  -70.168 1.75
   5.194    9.487  -71.128 1.75
   4.870    9.433  -72.321 1.52
   6.071   10.295  -70.596 1.55
   6.829   11.250  -71.396 1.75
   8.301   10.985  -71.181 1.75
   8.706   10.572  -70.095 1.52
   6.437   12.691  -71.141 1.75
   6.643   12.999  -69.745 1.52
   4.924   12.858  -71.353 1.75
   9.073   11.041  -72.255 1.55
  10.469   10.654  -72.178 1.75
  11.396   11.851  -72.387 1.75
  11.221   12.588  -73.343 1.52
  10.754    9.627  -73.289 1.75
   9.953    8.363  -73.154 1.75
   8.641    8.312  -73.616 1.75
  10.451    7.226  -72.542 1.75
   7.868    7.185  -73.504 1.75
   9.696    6.099  -72.461 1.75
   8.388    6.043  -72.880 1.75
  12.396   11.953  -71.519 1.55
  13.435   12.940  -71.655 1.75
  14.703   12.316  -72.214 1.75
  15.216   11.341  -71.651 1.52
  13.724   13.682  -70.343 1.75
  12.545   14.236  -69.813 1.52
  14.729   14.799  -70.560 1.75
  15.204   12.871  -73.316 1.55
  16.418   12.449  -73.956 1.75
  17.634   12.667  -73.050 1.75
  17.633   13.564  -72.185 1.52
  16.660   13.159  -75.293 1.75
  15.487   12.993  -76.249 1.75
  14.406   13.505  -75.939 1.52
  15.699   12.334  -77.281 1.52
  18.645   11.858  -73.243 1.55
  19.905   11.947  -72.555 1.75
  21.043   11.939  -73.596 1.75
  20.759   11.951  -74.792 1.52
  20.148   10.836  -71.534 1.75
  20.491    9.636  -72.182 1.52
  19.027   10.615  -70.582 1.75
  22.275   11.921  -73.126 1.55
  23.454   11.882  -73.971 1.75
  23.585   10.618  -74.763 1.75
  24.323   10.496  -75.753 1.52
  24.703   12.191  -73.145 1.75
  25.041   11.073  -72.149 1.75
  24.181   11.177  -70.905 1.75
  23.518   12.223  -70.720 1.52
  24.182   10.222  -70.102 1.52
  22.786    9.605  -74.378 1.55
  22.780    8.352  -75.161 1.75
  21.349    8.223  -75.740 1.75
  20.405    8.239  -74.969 1.52
  22.996    7.171  -74.171 1.75
  23.225    5.874  -74.881 1.75
  22.475    5.567  -75.837 1.52
  24.150    5.119  -74.481 1.52
  21.240    8.217  -77.050 1.55
  20.014    8.162  -77.777 1.75
  19.058    7.043  -77.347 1.75
  17.884    7.112  -77.678 1.52
  20.434    7.913  -79.215 1.75
  21.891    7.892  -79.259 1.75
  22.439    8.273  -77.937 1.75
  19.595    5.977  -76.754 1.55
  18.777    4.848  -76.351 1.75
  18.455    4.854  -74.864 1.75
  17.800    3.909  -74.373 1.52
  19.375    3.528  -76.746 1.75
  18.872    5.857  -74.143 1.55
  18.611    5.971  -72.716 1.75
  17.776    7.197  -72.423 1.75
  18.144    8.315  -72.722 1.52
  19.893    5.901  -71.936 1.75
  20.718    4.645  -72.087 1.75
  21.998    4.747  -71.271 1.75
  22.700    3.389  -71.152 1.75
  23.914    3.450  -70.312 1.55
  16.585    6.980  -71.841 1.55
  15.695    8.041  -71.492 1.75
  15.329    8.062  -70.006 1.75
  15.483    7.037  -69.341 1.52
  14.357    7.835  -72.259 1.75
  14.545    7.886  -73.772 1.75
  14.426    9.113  -74.429 1.75
  14.777    6.750  -74.487 1.75
  14.573    9.132  -75.809 1.75
  15.024    6.775  -75.855 1.75
  14.961    8.019  -76.486 1.75
  14.760    9.171  -69.585 1.55
  14.121    9.311  -68.301 1.75
  12.605    9.388  -68.581 1.75
  12.171   10.213  -69.373 1.52
  14.575   10.526  -67.519 1.75
  16.036   10.395  -67.020 1.75
  16.071    9.303  -65.941 1.75
  14.765    9.295  -65.152 1.75
  14.894    8.545  -63.863 1.55
  11.881    8.481  -68.004 1.55
  10.482    8.327  -68.239 1.75
   9.624    8.746  -67.068 1.75
   9.643    8.099  -66.026 1.52
  10.084    6.934  -68.716 1.75
   8.593    6.797  -68.952 1.75
   8.057    5.133  -69.286 1.80
   8.022    4.474  -67.591 1.75
   8.871    9.822  -67.272 1.55
   7.887   10.252  -66.301 1.75
   6.542    9.665  -66.670 1.75
   6.116    9.646  -67.816 1.52
   7.814   11.766  -66.162 1.75
   6.680   12.209  -65.216 1.75
   6.592   13.741  -65.212 1.75
   7.994   14.323  -65.156 1.75
   8.996   13.382  -65.752 1.55
   5.876    9.043  -65.689 1.55
   4.625    8.375  -66.014 1.75
   3.555    8.671  -64.981 1.75
   3.868    8.978  -63.835 1.52
   4.824    6.894  -66.235 1.75
   5.218    6.115  -64.997 1.75
   6.534    5.995  -64.623 1.75
   4.231    5.513  -64.215 1.75
   6.896    5.279  -63.486 1.75
   4.589    4.825  -63.062 1.75
   5.918    4.717  -62.718 1.75
   6.274    4.014  -61.571 1.52
   2.315    8.568  -65.405 1.55
   1.152    8.769  -64.577 1.75
  -0.038    8.060  -65.180 1.75
   0.005    7.617  -66.330 1.52
   0.842   10.244  -64.335 1.75
   0.446   10.962  -65.587 1.75
  -0.806   11.147  -66.076 1.75
   1.345   11.588  -66.516 1.75
  -0.754   11.864  -67.250 1.55
   0.551   12.141  -67.543 1.75
   2.729   11.727  -66.574 1.75
   1.117   12.829  -68.620 1.75
   3.290   12.419  -67.643 1.75
   2.470   12.961  -68.643 1.75
  -1.100    7.897  -64.408 1.55
  -2.296    7.264  -64.826 1.75
  -3.409    8.285  -65.134 1.75
  -3.317    9.433  -64.690 1.52
  -4.365    7.843  -65.902 1.55
  -5.530    8.688  -66.270 1.75
  -6.413    8.823  -65.015 1.75
  -6.876    9.920  -64.739 1.52
  -6.313    7.986  -67.399 1.75
  -7.719    8.458  -67.506 1.75
  -5.522    8.273  -68.706 1.75
  -6.479    7.728  -64.305 1.55
  -7.059    7.544  -62.990 1.75
  -6.075    8.023  -61.911 1.75
  -4.911    7.630  -61.898 1.52
  -7.352    6.056  -62.737 1.75
  -6.544    8.876  -61.031 1.55
  -5.759    9.472  -59.972 1.75
  -5.132    8.430  -59.061 1.75
  -4.098    8.652  -58.444 1.52
  -6.736   10.334  -59.085 1.75
  -7.784    9.448  -58.630 1.52
  -5.801    7.286  -58.906 1.55
  -5.268    6.302  -57.957 1.75
  -4.171    5.470  -58.527 1.75
  -3.522    4.658  -57.835 1.52
  -6.412    5.446  -57.415 1.75
  -7.064    4.597  -58.497 1.75
  -6.431    3.457  -58.974 1.75
  -8.285    4.957  -59.039 1.75
  -7.043    2.687  -59.932 1.75
  -8.900    4.177  -59.999 1.75
  -8.259    3.049  -60.475 1.75
  -3.892    5.624  -59.833 1.55
  -2.816    4.811  -60.401 1.75
  -1.460    5.339  -60.056 1.75
  -1.212    6.524  -59.841 1.52
  -2.998    4.645  -61.904 1.75
  -4.270    3.932  -62.336 1.75
  -4.575    4.239  -63.810 1.75
  -4.150    2.440  -62.099 1.75
  -0.471    4.437  -60.022 1.55
   0.870    4.861  -59.668 1.75
   1.419    5.900  -60.654 1.75
   1.185    5.818  -61.854 1.52
   1.797    3.608  -59.723 1.75
   3.183    3.880  -59.190 1.75
   4.084    2.664  -59.173 1.75
   4.817    2.390  -60.117 1.52
   4.012    1.907  -58.079 1.55
   2.202    6.799  -60.117 1.55
   2.958    7.818  -60.815 1.75
   4.445    7.666  -60.455 1.75
   4.791    7.278  -59.334 1.52
   2.497    9.212  -60.375 1.75
   1.043    9.503  -60.620 1.75
   0.720   10.968  -60.378 1.75
  -0.793   11.162  -60.299 1.75
  -1.325   10.585  -59.026 1.55
   5.342    7.956  -61.395 1.55
   6.748    7.826  -61.087 1.75
   7.662    8.338  -62.179 1.75
   7.234    8.963  -63.141 1.52
   8.947    8.072  -61.988 1.55
  10.002    8.458  -62.907 1.75
  11.004    7.305  -62.977 1.75
  11.627    6.984  -61.956 1.52
  10.743    9.700  -62.307 1.75
  10.592   10.897  -63.224 1.75
   9.626   11.658  -63.160 1.52
  11.565   11.039  -64.138 1.55
  11.093    6.647  -64.105 1.55
  11.993    5.490  -64.212 1.75
  12.986    5.747  -65.362 1.75
  12.597    6.415  -66.340 1.52
  11.157    4.253  -64.577 1.75
  10.456    3.564  -63.442 1.75
  10.748    3.822  -62.281 1.52
   9.463    2.836  -63.729 1.52
  14.136    5.173  -65.281 1.55
  15.068    5.031  -66.380 1.75
  14.327    4.138  -67.430 1.75
  13.544    3.277  -67.059 1.52
  16.330    4.307  -65.967 1.75
  17.302    5.185  -65.188 1.75
  17.138    6.416  -65.231 1.52
  18.189    4.628  -64.524 1.52
  14.487    4.472  -68.705 1.55
  13.856    3.702  -69.778 1.75
  14.903    3.460  -70.848 1.75
  15.269    4.393  -71.592 1.52
  12.629    4.346  -70.366 1.75
  11.865    3.551  -71.372 1.75
  10.686    2.896  -71.091 1.55
  12.083    3.342  -72.703 1.75
  10.220    2.325  -72.192 1.75
  11.061    2.570  -73.151 1.55
  15.462    2.273  -70.882 1.55
  16.517    1.980  -71.838 1.75
  16.033    1.032  -72.929 1.75
  15.482   -0.014  -72.635 1.52
  17.704    1.303  -71.138 1.75
  18.434    2.154  -70.175 1.75
  18.142    3.448  -69.810 1.75
  19.612    1.802  -69.441 1.75
  19.074    3.894  -68.910 1.55
  19.970    2.909  -68.664 1.75
  20.385    0.638  -69.376 1.75
  21.082    2.901  -67.810 1.75
  21.483    0.642  -68.543 1.75
  21.817    1.764  -67.777 1.75
  16.393    1.354  -74.176 1.55
  16.123    0.443  -75.284 1.75
  17.385   -0.358  -75.546 1.75
  18.396    0.121  -76.029 1.52
  15.627    1.169  -76.541 1.75
  14.180    1.790  -76.319 1.75
  15.449    0.170  -77.681 1.75
  14.285    3.196  -75.819 1.75
  17.390   -1.591  -75.030 1.55
  18.564   -2.455  -75.106 1.75
  18.823   -2.894  -76.547 1.75
  19.964   -2.875  -77.008 1.52
  18.287   -3.718  -74.245 1.75
  18.098   -3.339  -72.752 1.75
  19.450   -4.691  -74.389 1.75
  19.310   -2.620  -72.184 1.75
  17.761   -3.266  -77.245 1.55
  17.878   -3.693  -78.637 1.75
  16.503   -3.588  -79.303 1.75
  15.488   -3.755  -78.679 1.52
  18.369   -5.122  -78.746 1.75
  18.797   -5.521  -80.150 1.75
  19.036   -4.599  -80.964 1.52
  18.888   -6.729  -80.409 1.52
  16.516   -3.359  -80.610 1.55
  15.299   -3.378  -81.400 1.75
  15.735   -3.414  -82.905 1.75
  16.810   -2.918  -83.179 1.52
  14.403   -2.168  -81.255 1.75
  13.198   -2.282  -81.962 1.52
  15.089   -0.869  -81.612 1.75
  14.852   -3.976  -83.693 1.55
  15.086   -3.883  -85.154 1.75
  14.011   -2.954  -85.736 1.75
  13.963   -2.814  -86.965 1.52
  15.092   -5.237  -85.816 1.75
  13.762   -5.903  -85.824 1.75
  12.898   -5.497  -85.015 1.52
  13.550   -6.896  -86.556 1.52
  13.203   -2.366  -84.888 1.55
  12.119   -1.489  -85.154 1.75
  10.929   -2.107  -85.835 1.75
   9.793   -1.620  -85.697 1.52
  12.544   -0.290  -86.075 1.75
  13.672    0.479  -85.490 1.75
  13.458    1.426  -84.476 1.75
  14.977    0.243  -85.884 1.75
  14.520    2.092  -83.919 1.75
  16.033    0.936  -85.354 1.75
  15.800    1.870  -84.353 1.75
  16.856    2.574  -83.843 1.52
  11.182   -3.141  -86.636 1.55
  10.149   -3.770  -87.430 1.75
   9.539   -5.007  -86.827 1.75
   8.419   -5.427  -87.204 1.52
  10.805   -4.147  -88.807 1.75
  11.388   -2.873  -89.453 1.75
  10.736   -1.828  -89.344 1.52
  12.459   -2.948  -90.073 1.52
  10.235   -5.644  -85.883 1.55
   9.742   -6.879  -85.310 1.75
   9.781   -6.937  -83.787 1.75
   8.789   -7.357  -83.188 1.52
  10.326   -8.154  -85.900 1.75
  11.712   -8.292  -85.592 1.52
  10.211   -8.146  -87.415 1.75
  10.896   -6.599  -83.202 1.55
  10.997   -6.751  -81.721 1.75
  11.697   -5.561  -81.098 1.75
  12.453   -4.792  -81.674 1.52
  11.819   -8.010  -81.429 1.75
  13.284   -7.861  -81.672 1.75
  13.797   -8.079  -82.983 1.75
  14.184   -7.498  -80.711 1.75
  15.144   -7.935  -83.182 1.75
  15.529   -7.339  -80.911 1.75
  16.011   -7.574  -82.212 1.75
  17.358   -7.417  -82.459 1.52
  11.515   -5.486  -79.761 1.55
  12.230   -4.542  -78.960 1.75
  12.437   -5.146  -77.545 1.75
  11.529   -5.836  -77.083 1.52
  11.568   -3.197  -78.832 1.75
  13.571   -4.873  -76.988 1.55
  13.873   -5.289  -75.589 1.75
  14.091   -4.022  -74.780 1.75
  14.950   -3.202  -75.098 1.52
  15.086   -6.199  -75.527 1.75
  15.478   -6.536  -74.099 1.75
  14.806   -7.510  -76.287 1.75
  13.287   -3.831  -73.744 1.55
  13.395   -2.609  -72.936 1.75
  13.908   -3.016  -71.534 1.75
  13.775   -4.176  -71.163 1.52
  12.039   -1.931  -72.833 1.75
  11.940   -0.777  -71.857 1.75
  11.578   -1.244  -70.448 1.75
  11.295   -2.426  -70.241 1.52
  11.621   -0.332  -69.501 1.55
  14.516   -2.098  -70.843 1.55
  15.068   -2.384  -69.500 1.75
  14.987   -1.121  -68.640 1.75
  15.175   -0.001  -69.107 1.52
  16.511   -2.808  -69.604 1.75
  17.194   -3.153  -68.290 1.75
  17.073   -4.420  -67.743 1.75
  18.016   -2.248  -67.678 1.75
  17.721   -4.728  -66.556 1.75
  18.676   -2.531  -66.498 1.75
  18.523   -3.799  -65.954 1.75
  19.174   -4.092  -64.784 1.52
  14.837   -1.351  -67.344 1.55
  14.836   -0.325  -66.346 1.75
  15.368   -0.889  -65.020 1.75
  14.837   -1.870  -64.507 1.52
  13.432    0.231  -66.088 1.75
  13.478    1.315  -65.181 1.52
  16.393   -0.242  -64.498 1.55
  16.843   -0.564  -63.153 1.75
  16.417    0.518  -62.191 1.75
  16.760    1.715  -62.328 1.52
  18.390   -0.729  -63.137 1.75
  18.859   -1.188  -61.391 1.80
  15.559    0.170  -61.222 1.55
  15.013    1.057  -60.275 1.75
  15.904    1.275  -59.026 1.75
  15.820    2.320  -58.404 1.52
  13.641    0.611  -59.768 1.75
  12.564    0.731  -60.854 1.75
  11.218    0.426  -60.258 1.75
  10.166    0.966  -61.121 1.55
   8.900    0.613  -61.056 1.75
   8.503   -0.365  -60.258 1.55
   8.044    1.193  -61.900 1.55
  16.652    0.242  -58.724 1.55
  17.509    0.260  -57.517 1.75
  18.769   -0.500  -57.784 1.75
  18.789   -1.663  -58.152 1.52
  16.731   -0.329  -56.340 1.75
  17.519   -0.355  -55.003 1.75
  17.619    1.075  -54.459 1.75
  16.708   -1.193  -54.004 1.75
  19.941    0.188  -57.578 1.55
  21.181   -0.536  -57.787 1.75
  21.801   -1.003  -56.465 1.75
  21.670   -0.356  -55.435 1.52
  22.226    0.403  -58.457 1.75
  22.016    0.578  -59.943 1.75
  22.917    1.665  -60.529 1.75
  22.485    2.425  -61.395 1.52
  24.127    1.757  -60.021 1.55
  22.536   -2.092  -56.547 1.55
  23.353   -2.544  -55.415 1.75
  24.627   -1.681  -55.398 1.75
  24.933   -0.998  -56.352 1.52
  23.763   -4.007  -55.648 1.75
  22.583   -4.936  -55.415 1.75
  21.890   -4.807  -54.397 1.52
  22.363   -5.818  -56.372 1.55
  25.353   -1.725  -54.285 1.55
  26.576   -0.946  -54.182 1.75
  27.592   -1.373  -55.235 1.75
  28.433   -0.573  -55.652 1.52
  27.184   -1.152  -52.777 1.75
  26.216   -1.132  -51.607 1.75
  26.467   -2.310  -50.669 1.75
  26.308    0.176  -50.829 1.75
  27.541   -2.618  -55.654 1.55
  28.473   -3.154  -56.631 1.75
  28.104   -2.803  -58.059 1.75
  28.715   -3.300  -59.011 1.52
  28.631   -4.649  -56.445 1.75
  27.467   -5.485  -56.893 1.75
  26.474   -4.927  -57.407 1.52
  27.541   -6.737  -56.751 1.52
  27.105   -1.958  -58.267 1.55
  26.725   -1.561  -59.613 1.75
  25.730   -2.460  -60.302 1.75
  25.160   -2.042  -61.336 1.52
  25.446   -3.629  -59.769 1.55
  24.440   -4.539  -60.318 1.75
  23.054   -4.045  -59.929 1.75
  22.917   -3.204  -59.032 1.52
  24.645   -5.984  -59.906 1.75
  24.590   -6.132  -58.487 1.52
  26.014   -6.493  -60.347 1.75
  22.007   -4.536  -60.588 1.55
  20.664   -4.031  -60.291 1.75
  19.926   -4.827  -59.235 1.75
  19.793   -6.041  -59.374 1.52
  19.812   -4.051  -61.573 1.75
  18.260   -3.111  -61.303 1.80
  19.416   -4.158  -58.203 1.55
  18.669   -4.867  -57.156 1.75
  17.195   -5.003  -57.467 1.75
  16.536   -5.971  -57.036 1.52
  18.911   -4.184  -55.828 1.75
  16.622   -4.076  -58.205 1.55
  15.189   -4.128  -58.573 1.75
  15.038   -3.629  -60.039 1.75
  15.261   -2.456  -60.300 1.52
  14.417   -3.197  -57.658 1.75
  12.917   -3.234  -57.870 1.75
  12.425   -4.258  -58.399 1.52
  12.232   -2.301  -57.476 1.52
  14.726   -4.519  -60.924 1.55
  14.640   -4.193  -62.371 1.75
  13.320   -4.703  -62.940 1.75
  12.675   -5.603  -62.430 1.52
  15.788   -4.918  -63.104 1.75
  15.595   -6.346  -62.969 1.52
  12.953   -4.132  -64.093 1.55
  11.927   -4.627  -64.925 1.75
  12.396   -4.572  -66.396 1.75
  13.341   -3.856  -66.720 1.52
  10.567   -4.103  -64.739 1.75
  10.318   -2.641  -65.091 1.75
   9.920   -2.298  -66.396 1.75
  10.444   -1.651  -64.159 1.75
   9.649   -0.962  -66.687 1.75
  10.199   -0.301  -64.443 1.75
   9.820    0.008  -65.747 1.75
   9.533    1.332  -66.031 1.52
  11.787   -5.434  -67.183 1.55
  12.122   -5.572  -68.592 1.75
  10.949   -6.070  -69.369 1.75
  10.263   -7.025  -68.990 1.52
  13.374   -6.423  -68.758 1.75
  13.638   -6.727  -70.132 1.52
  10.662   -5.395  -70.510 1.55
   9.605   -5.863  -71.384 1.75
  10.250   -6.326  -72.722 1.75
  11.216   -5.720  -73.195 1.52
   8.637   -4.706  -71.735 1.75
   7.634   -4.360  -70.702 1.75
   6.462   -5.126  -70.589 1.75
   7.791   -3.297  -69.831 1.75
   5.539   -4.848  -69.594 1.75
   6.893   -3.043  -68.811 1.75
   5.731   -3.803  -68.735 1.75
   9.618   -7.350  -73.265 1.55
   9.954   -7.756  -74.648 1.75
   8.690   -7.396  -75.452 1.75
   7.623   -7.855  -75.096 1.52
  10.123   -9.303  -74.731 1.75
  10.429   -9.647  -76.213 1.75
  11.375   -9.658  -73.898 1.75
   8.848   -6.576  -76.488 1.55
   7.743   -6.144  -77.293 1.75
   7.853   -6.748  -78.729 1.75
   8.945   -6.931  -79.206 1.52
   7.682   -4.625  -77.470 1.75
   7.444   -3.803  -76.238 1.75
   6.140   -3.725  -75.716 1.75
   8.444   -3.121  -75.606 1.75
   5.877   -2.969  -74.605 1.75
   8.185   -2.378  -74.457 1.75
   6.919   -2.312  -73.973 1.75
   6.686   -6.911  -79.309 1.55
   6.590   -7.337  -80.714 1.75
   5.689   -6.361  -81.464 1.75
   4.718   -5.860  -80.932 1.52
   5.877   -8.716  -80.772 1.75
   5.979   -6.209  -82.761 1.55
   5.053   -5.454  -83.608 1.75
   3.831   -6.295  -83.970 1.75
   2.721   -5.809  -84.124 1.52
   5.818   -5.153  -84.932 1.75
   6.805   -4.033  -84.793 1.75
   6.135   -2.701  -84.404 1.75
   7.139   -1.618  -84.548 1.55
   6.892   -0.328  -84.435 1.75
   5.773    0.123  -83.929 1.55
   7.817    0.556  -84.872 1.55
   4.057   -7.596  -84.101 1.55
   2.962   -8.522  -84.501 1.75
   2.416   -9.228  -83.264 1.75
   3.173   -9.898  -82.558 1.52
   3.621   -9.532  -85.451 1.75
   2.685  -10.474  -86.124 1.75
   1.718  -10.949  -85.498 1.52
   2.910  -10.774  -87.334 1.52
   1.148   -9.038  -82.998 1.55
   0.452   -9.579  -81.848 1.75
   0.553  -11.081  -81.742 1.75
   0.354  -11.672  -80.675 1.52
  -0.986   -9.111  -82.031 1.75
  -1.103   -8.751  -83.471 1.75
   0.269   -8.270  -83.892 1.75
   0.908  -11.745  -82.849 1.55
   1.069  -13.193  -82.825 1.75
   2.417  -13.619  -82.295 1.75
   2.665  -14.796  -82.009 1.52
   0.774  -13.815  -84.175 1.75
  -0.609  -13.577  -84.682 1.75
  -0.840  -13.062  -85.954 1.55
  -1.821  -13.733  -84.113 1.75
  -2.135  -12.945  -86.139 1.75
  -2.756  -13.346  -85.053 1.55
   3.347  -12.675  -82.167 1.55
   4.661  -12.955  -81.647 1.75
   5.710  -13.143  -82.694 1.75
   5.539  -12.805  -83.860 1.52
   6.872  -13.701  -82.302 1.55
   7.969  -13.826  -83.158 1.75
   8.399  -15.139  -83.684 1.75
   8.101  -16.228  -83.194 1.52
   9.051  -12.797  -83.023 1.75
   9.156  -12.183  -81.630 1.75
   9.265  -13.003  -80.531 1.75
   9.158  -10.817  -81.457 1.75
   9.338  -12.451  -79.265 1.75
   9.273  -10.260  -80.192 1.75
   9.381  -11.081  -79.101 1.75
   9.172  -15.078  -84.797 1.55
   9.670  -16.332  -85.381 1.75
  10.729  -16.909  -84.436 1.75
  11.218  -16.181  -83.569 1.52
  10.299  -16.024  -86.738 1.75
  11.512  -15.322  -86.617 1.52
  11.057  -18.179  -84.601 1.55
  12.085  -18.792  -83.758 1.75
  13.411  -18.101  -83.874 1.75
  14.222  -18.045  -82.946 1.52
  12.170  -20.228  -84.314 1.75
  10.782  -20.474  -84.838 1.75
  10.416  -19.164  -85.501 1.75
  13.688  -17.530  -85.065 1.55
  14.952  -16.849  -85.238 1.75
  15.056  -15.588  -84.409 1.75
  16.106  -15.284  -83.864 1.52
  15.338  -16.628  -86.683 1.75
  16.366  -17.682  -87.179 1.75
  17.781  -17.157  -87.058 1.75
  18.145  -16.243  -87.836 1.52
  18.543  -17.646  -86.196 1.52
  13.926  -14.866  -84.315 1.55
  13.891  -13.642  -83.513 1.75
  13.887  -14.013  -82.018 1.75
  14.559  -13.311  -81.246 1.52
  12.740  -12.728  -83.870 1.75
  12.453  -11.697  -82.788 1.75
  12.980  -12.025  -85.211 1.75
  13.274  -15.113  -81.678 1.55
  13.225  -15.718  -80.339 1.75
  14.653  -15.894  -79.825 1.75
  15.016  -15.615  -78.696 1.52
  12.608  -17.136  -80.458 1.75
  11.131  -17.221  -80.189 1.75
  10.449  -18.392  -80.875 1.75
   9.295  -18.299  -81.303 1.52
  11.170  -19.506  -81.004 1.55
  15.510  -16.361  -80.758 1.55
  16.893  -16.572  -80.389 1.75
  17.599  -15.286  -80.015 1.75
  18.482  -15.282  -79.151 1.52
  17.654  -17.274  -81.542 1.75
  17.104  -18.674  -81.814 1.75
  17.901  -19.384  -82.893 1.75
  17.168  -20.617  -83.431 1.75
  17.258  -21.762  -82.464 1.55
  17.271  -14.208  -80.741 1.55
  17.930  -12.931  -80.535 1.75
  17.504  -12.327  -79.177 1.75
  18.354  -11.859  -78.434 1.52
  17.598  -11.925  -81.651 1.75
  18.433  -12.188  -82.936 1.75
  17.818  -10.503  -81.181 1.75
  17.682  -11.770  -84.188 1.75
  16.219  -12.456  -78.911 1.55
  15.613  -11.997  -77.664 1.75
  16.197  -12.738  -76.472 1.75
  16.641  -12.148  -75.489 1.52
  14.087  -12.163  -77.731 1.75
  13.455  -11.835  -76.392 1.75
  13.518  -11.241  -78.815 1.75
  16.295  -14.064  -76.594 1.55
  16.889  -14.882  -75.553 1.75
  18.290  -14.456  -75.227 1.75
  18.724  -14.431  -74.076 1.52
  16.843  -16.365  -75.941 1.75
  17.749  -17.237  -75.072 1.75
  18.347  -18.385  -75.885 1.75
  19.589  -18.005  -76.535 1.55
  19.901  -18.200  -77.806 1.75
  19.590  -17.299  -78.730 1.55
  20.567  -19.299  -78.167 1.55
  19.080  -14.123  -76.268 1.55
  20.428  -13.691  -76.007 1.75
  20.456  -12.372  -75.238 1.75
  21.292  -12.149  -74.400 1.52
  21.339  -13.621  -77.212 1.75
  22.790  -13.310  -76.813 1.75
  23.640  -12.796  -77.945 1.75
  23.423  -13.107  -79.112 1.52
  24.675  -12.016  -77.612 1.55
  19.539  -11.452  -75.627 1.55
  19.543  -10.171  -74.921 1.75
  19.134  -10.432  -73.457 1.75
  19.665   -9.810  -72.567 1.52
  18.559   -9.189  -75.525 1.75
  18.795   -8.918  -77.006 1.75
  20.219   -8.426  -77.218 1.75
  20.405   -8.064  -78.638 1.55
  21.271   -8.727  -79.408 1.75
  22.319   -9.291  -78.819 1.55
  21.075   -8.826  -80.710 1.55
  18.189  -11.339  -73.266 1.55
  17.796  -11.628  -71.857 1.75
  18.975  -12.101  -71.053 1.75
  19.162  -11.710  -69.887 1.52
  16.646  -12.627  -71.845 1.75
  15.326  -12.026  -72.268 1.75
  14.219  -12.981  -72.562 1.75
  13.031  -12.597  -72.627 1.52
  14.527  -14.265  -72.682 1.55
  19.808  -12.958  -71.631 1.55
  20.996  -13.456  -70.937 1.75
  21.977  -12.337  -70.650 1.75
  22.590  -12.234  -69.597 1.52
  21.661  -14.555  -71.792 1.75
  21.159  -15.957  -71.494 1.75
  21.733  -16.996  -72.441 1.75
  22.914  -17.379  -72.256 1.52
  21.016  -17.449  -73.361 1.52
  22.114  -11.400  -71.615 1.55
  23.034  -10.305  -71.453 1.75
  22.679   -9.316  -70.374 1.75
  23.539   -8.555  -69.901 1.52
  23.227   -9.571  -72.801 1.75
  23.788  -10.492  -73.865 1.75
  23.808   -9.914  -75.255 1.75
  23.048   -8.965  -75.545 1.52
  24.560  -10.477  -76.097 1.52
  21.407   -9.265  -70.002 1.55
  20.942   -8.376  -68.941 1.75
  20.973   -9.112  -67.592 1.75
  20.597   -8.577  -66.585 1.52
  19.440   -8.047  -69.230 1.75
  19.272   -7.070  -70.417 1.75
  17.820   -6.908  -70.769 1.75
  19.976   -5.767  -70.099 1.75
  21.376  -10.390  -67.622 1.55
  21.428  -11.175  -66.411 1.75
  20.052  -11.526  -65.888 1.75
  19.844  -11.660  -64.691 1.52
  22.338  -10.581  -65.369 1.75
  23.993  -10.204  -65.980 1.80
  19.139  -11.709  -66.846 1.55
  17.746  -11.966  -66.638 1.75
  17.186  -13.218  -67.250 1.75
  15.960  -13.431  -67.301 1.52
  16.922  -10.745  -67.037 1.75
  17.153   -9.480  -66.200 1.75
  16.304   -8.342  -66.767 1.75
  16.841   -9.720  -64.726 1.75
  18.040  -14.133  -67.672 1.55
  17.649  -15.393  -68.250 1.75
  16.706  -16.190  -67.372 1.75
  16.925  -16.379  -66.179 1.52
  18.875  -16.222  -68.616 1.75
  15.610  -16.660  -67.954 1.55
  14.641  -17.448  -67.237 1.75
  13.814  -16.712  -66.246 1.75
  13.032  -17.324  -65.482 1.52
  15.250  -18.733  -66.684 1.75
  15.996  -19.526  -67.756 1.75
  16.961  -20.526  -67.154 1.75
  18.335  -20.305  -67.657 1.55
  18.622  -20.198  -68.953 1.75
  17.645  -20.334  -69.843 1.55
  19.868  -19.979  -69.347 1.55
  13.899  -15.382  -66.189 1.55
  13.128  -14.592  -65.269 1.75
  11.937  -13.922  -65.910 1.75
  11.126  -13.238  -65.306 1.52
  13.975  -13.588  -64.509 1.75
  15.178  -14.199  -63.804 1.75
  15.873  -13.135  -62.942 1.75
  17.085  -13.053  -62.971 1.52
  15.068  -12.337  -62.256 1.55
  11.793  -14.140  -67.221 1.55
  10.614  -13.539  -67.867 1.75
   9.447  -14.490  -67.916 1.75
   9.583  -15.715  -67.956 1.52
  10.971  -13.195  -69.339 1.75
  11.977  -12.087  -69.508 1.75
  13.324  -12.257  -69.248 1.75
  11.579  -10.845  -70.003 1.75
  14.243  -11.249  -69.402 1.75
  12.486   -9.818  -70.182 1.75
  13.807  -10.016  -69.909 1.75
  14.731   -9.031  -70.079 1.52
   8.247  -13.947  -67.979 1.55
   7.079  -14.793  -68.210 1.75
   6.274  -14.172  -69.353 1.75
   6.416  -12.968  -69.609 1.52
   6.254  -15.016  -66.976 1.75
   5.661  -13.830  -66.291 1.75
   4.981  -14.242  -64.966 1.75
   4.625  -13.074  -64.185 1.55
   3.415  -12.552  -64.140 1.75
   2.401  -13.182  -64.748 1.55
   3.194  -11.431  -63.479 1.55
   5.505  -14.990  -70.026 1.55
   4.647  -14.601  -71.122 1.75
   3.521  -13.703  -70.702 1.75
   2.879  -13.854  -69.655 1.52
   4.034  -15.876  -71.793 1.75
   4.903  -16.391  -72.946 1.75
   2.625  -15.588  -72.264 1.75
   4.664  -15.566  -74.229 1.75
   3.240  -12.710  -71.560 1.55
   2.115  -11.815  -71.244 1.75
   0.982  -12.189  -72.188 1.75
   1.208  -12.272  -73.396 1.52
   2.546  -10.344  -71.614 1.75
   3.576   -9.763  -70.672 1.75
   1.303   -9.481  -71.726 1.75
   3.912   -8.309  -70.867 1.75
  -0.201  -12.454  -71.669 1.55
  -1.267  -12.823  -72.613 1.75
  -2.170  -11.610  -72.894 1.75
  -2.155  -10.629  -72.155 1.52
  -2.100  -14.003  -72.149 1.75
  -2.890  -13.621  -70.991 1.52
  -1.173  -15.121  -71.649 1.75
  -2.876  -11.746  -73.986 1.55
  -3.846  -10.791  -74.502 1.75
  -5.173  -11.537  -74.731 1.75
  -5.240  -12.436  -75.557 1.52
  -3.323  -10.155  -75.788 1.75
  -1.993   -9.462  -75.582 1.75
  -1.896   -8.120  -75.287 1.55
  -0.729   -9.945  -75.624 1.75
  -0.628   -7.803  -75.143 1.75
   0.114   -8.878  -75.332 1.55
  -6.165  -11.200  -73.939 1.55
  -7.464  -11.874  -74.000 1.75
  -8.631  -10.925  -73.824 1.75
  -9.666  -11.304  -73.243 1.52
  -7.491  -12.927  -72.866 1.75
  -6.977  -12.315  -71.567 1.75
  -7.393  -11.216  -71.191 1.52
  -6.033  -12.998  -70.939 1.55
  -8.502   -9.702  -74.321 1.55
  -9.466   -8.678  -74.379 1.75
 -10.010   -8.133  -73.116 1.75
 -11.053   -7.450  -73.096 1.52
  -9.335   -8.393  -71.989 1.55
  -9.822   -7.855  -70.718 1.75
  -9.917   -6.339  -70.763 1.75
 -10.804   -5.739  -70.168 1.52
  -8.861   -8.289  -69.588 1.75
  -9.437   -8.044  -68.210 1.75
 -10.278   -8.978  -67.618 1.75
  -9.167   -6.873  -67.518 1.75
 -10.809   -8.761  -66.365 1.75
  -9.696   -6.641  -66.268 1.75
 -10.518   -7.598  -65.694 1.75
 -11.050   -7.389  -64.439 1.52
  -8.983   -5.684  -71.462 1.55
  -8.950   -4.254  -71.534 1.75
  -9.421   -3.637  -72.814 1.75
  -8.935   -2.577  -73.227 1.52
  -7.665   -3.643  -71.011 1.75
  -7.302   -4.166  -69.305 1.80
 -10.412   -4.261  -73.444 1.55
 -11.014   -3.749  -74.668 1.75
 -12.509   -3.455  -74.427 1.75
 -12.996   -3.796  -73.307 1.52
 -10.864   -4.774  -75.799 1.75
  -9.436   -5.268  -75.932 1.75
  -8.508   -4.478  -75.644 1.52
  -9.243   -6.442  -76.300 1.52
